21
16
1
1
1
230
136
1
362
210
248
482
190
448
211
326
1
374
1769
19
6
2401
58
38
18
8
2
7
189
3
1
226
5
2
2
255
13
3
91
3
2
12
463
182
115
101
78
5
5
9
445
294
1
1
1
7
114
367
2322
19893
417
2
1
67
22
1
3
2
36
212
80
104
77
30
139
8
209
95
1
35
191
192
44
28
431
23
10
254
3
523
466
225
346
73
3
663
3
1
274
772
7
510
826
2
4
267
244
5
352
1
84
115
113
21
2041
31
115
564
1
20
1062
1
59
2942
3430
3702
3
13
205
2738
14
17
103
2
7
378
13
7101
6
1
645
1
410
551
1
1810
0
158
150
177
109
35
59
2097
54
4
81
12
76
3
19
7
187
3
648
3
512
1
14
9
1442
400
1
8610
3
4
1
14
5103
0
1
2
1
837
2
1
1
92
1117
1
30
1070
169
211
92
4772
4
2288
64
162
102
157
912
106
15
65
13
31
225
3
45
232
89
209
1
553
30
540
1
32
13
2
1
12
72
3
2
25
1
1
1
1
288
4
69
16
2
217
5
22
5
2
477
439
183
462
36
38
60
43
1
14
36
1
2
84
9
585
833
1150
3
4
40
3
25
6
0
73
96
1
1
2
48
38
8
190
796
2
2
649
1
397
695
227
1512
7
22
18
578
31
246
49
1
62
1
179
2
10
76
208
5
1
1
827
420
98
1473
28
44
413
165
11
12
3737
40
620
1
909
3
111
1047
74
5492
1
546
13
516
9
111
3
371
214
41
3
21
60
13
20
136
1
76
460
45
407
5
7
74
694
4
6
1117
1303
776
62
464
194
783
536
1112
576
37
3
142
230
863
12
770
1360
34
98
3305
81
145
9
821
116
514
2
78
826
432
1
1231
77
4558
984
304
1101
11
5
45
177
2414
1
589
52
295
11
5
976
18
3
166
1
617
31
309
527
1679
2
6
3
21
7
112
1034
1903
1
12363
882
1594
1
412
23
691
6
1006
643
2162
1
10
325
5
3
69
193
145
23
29
114
144
437
1
42
201
44
663
2
131
2
9
116
79
1
5
24
84
198
1
647
459
1
966
7
76
29
12
283
27
193
75
1
261
168
425
60
800
34
74
363
103
3
342
266
249
439
187
192
65
84
4
6
3
1
200
4
15
3
445
2
1
52
3532
37
2
30
158
42
108
2
54
3
465
220
4
81
399
66
43
5
6
5
177
144
237
4
3253
493
587
1
1495
1
13
406
2107
1193
2
63
312
1028
5
6
5
1
1
865
2
78
9
12
3
42
3
123
135
165
87
20
1465
25
906
44
692
174
901
122
6087
5
6013
369
8
135
111
54
43
2436
33
1
280
1
5
30
44
32
168
17
6
9
6
4
1917
1
173
326
386
4
18
7
1
1
588
299
1304
79
749
149
111
243
1
3
69
1167
15
115
47
250
49
1
1
4
2
1
2
1
1
69
166
271
393
363
917
328
14
46
269
23
7
32
9078
29824
8
10
4
8680
0
509
4
503
2951
392
2710
5
50
307
376
46
37
261
35
576
10
7
4
77
281
8
225
341
70
12
124
7
205
465
9
234
241
1259
1
808
1078
1857
7
1126
262
245
725
114
75
2
52
162
79
88
268
100
124
98
56
65
1
22
8
1127
3
24
173
1859
68
184
47
738
2
761
24
9
13
6299
175
3
9
3
219
696
17
16
42
1
2
4025
2
3
9
1678
1
347
133
6
127
45
16
130
361
321
1
16
182
48
603
63
31
2177
329
511
17
40
4
3
262
1
1
8
1
392
48
87
45
2
5
204
568
816
51
4228
259
517
280
360
241
434
379
590
4
198
261
187
163
219
4
6354
20
105
90
366
6
17
48
8
219
5
97
759
156
777
33
13
315
39
5
1
5
26
42
11
4
5
1
10
261
21
37
135
52
2193
48
830
68
6
305
3
2
144
402
85
554
4
98
4
84
136
7
25
8
36
5
6
1
219
3
31
189
4
1065
458
468
1532
228
1327
3764
14
149
291
1496
13
2
85
438
8
1
2188
725
1
4
397
514
222
13
505
345
1114
6279
1
6
2
21
15
6
1226
1
188
11
2937
2
251
396
634
23
604
10
2
1510
665
1
1
28
15
100
129
72
326
93
405
66
25
1
6
1
9
287
124
1
802
12
4932
6618
3998
1
1
2
284
15
3903
2883
478
92
46
48
148
402
93
11
373
9
19
2
24
214
5
3
3
6
1127
123
1
638
7
8
20
1151
18
65
11
171
3
41
2
9
142
1
179
48
53
440
1
109
302
1159
52
1
635
112
13
2672
455
3
817
1
8
26
221
24
141
212
1
804
18
2
4335
1
3
158
1129
42
1
2
58
2
16
1
844
771
1
233
3981
714
234
123
1
2283
46
0
250
685
376
251
2843
3
280
2233
49
228
145
358
487
375
277
1255
2
157
253
111
14
38
19
825
243
268
115
58
407
110
4
6
1121
13
211
215
656
254
208
40
28
1930
4
5
197
8
279
5
383
80
30
392
63
3242
119
1
49
8
62
1301
648
9
47
576
16
2549
42
211
214
2
2946
1
3766
1908
1247
21804
10519
2417
1
6146
11886
5249
2878
1
3
1
4
1
8505
29
2
6
1
3138
7456
3
4109
3
6829
1
3
9030
3
6816
202
21
526
726
536
1492
69
81
78
898
24
365
5
238
413
82
1087
819
1
118
1527
4
2653
5
9
1
117
260
51
1
3
2
10
12
103
32
1
11
217
335
112
163
364
960
105
34
4199
16
100
337
128
1188
26
1124
267
284
79
187
198
26
1818
125
106
958
2948
1553
17
455
3
4
218
32
368
40
4
290
71
697
417
2
13
3591
2
318
25
458
4
3
310
96
2
16
135
30
252
18
86
5
61
4
10
98
76
96
68
2
174
304
35
233
1
55
33
16
65
62
2
13
696
125
29
43
638
7
5
8
74
100
764
1
1191
69
299
633
464
1
24
77
165
278
1115
2
18
23
6
23
1833
9
1
2
136
72
293
14
3
21
304
4295
49
26043
1066
1873
62
91
158
405
303
128
31
44
36
123
461
28
186
8
995
8
3
105
58
161
1195
44
48
3
957
1
72
2
2
3417
350
5982
246
25
1
11
81
126
211
39
50
1
374
1
497
1461
373
1
5
85
6
4
24
2
7
422
444
397
37
17
7551
5
72
90
6
349
43
95
141
2
6
98
1
26
5705
1
539
3
68
1
203
276
1
257
2
1
1
814
93
66
483
16
963
7
2
90
18
340
22
1
173
640
4
2
17
29
62
636
1
6
1
438
469
5
3217
600
1
5
62
178
1
11
487
1111
967
275
620
20
423
682
1296
3
370
233
335
263
1
2766
5569
438
4
1
43
40
1
231
33
1
5
1152
55
2
11
5
44
4
98
3375
28
3
6
21
400
561
2342
1671
1
3
1
2
1
6
1
681
4080
12
5
8
102
3937
184
1
2
3
289
131
81
22
289
1
211
416
296
1
1
330
216
8492
1075
539
156
2398
646
862
21
193
625
2621
708
74
2706
3263
24
5
1
3163
1683
93
64
793
428
3
29
351
5602
1493
76
490
191
917
150
243
143
8
1971
11
1
407
27
470
1107
42
2
5
8
2
1873
587
306
131
1
0
10
12
26
1
457
36
6
121
8463
10
638
1
1
4
1
1
1766
143
637
6
294
11
270
318
246
91
188
12
390
254
3549
1218
1536
1
352
1
7433
3618
325
1633
3
1
15
5146
32
5
80
46
315
19
92
611
6532
46
60
51
39
371
1
1064
5
4
13
740
29
159
200
1
721
22
2
61
23
1055
3
228
2
37
2
1
1
1005
1
37
14
9
5
1
11
1
224
47
254
2
231
395
85
25
1
313
5
412
3
83
39
2401
3
21
308
9
791
2
427
62
3
1
3
2264
10
1
9
4
15
2
8
60
113
4
29
458
3133
86
25
16
2
299
40
4
107
5
2
2253
1958
224
546
24
3
62
2
1
1
4
5
1
1
181
935
136
2
1511
77
33
174
1
120
2
28
42
1925
476
282
212
1
155
1
4
994
30
2
3
7
1
52
197
2
16
117
1
0
1
2018
260
48
53
12
5
126
129
1166
90
33
160
2
274
74
113
46
2
119
7
124
968
1679
1364
2
1
1
2267
2
263
1
3
1
314
128
452
7
23
173
7
1
21
18057
0
301
44
233
30
1
73
5
1
20
1
335
387
594
952
289
1
255
1
20
6
1
17
4
1
3
6
4
2
1
4
17
25
2
1
26
64
430
9112
2
190
129
54
32
2
61
28
17
54
1259
2
14
7
2
1
9620
1
14263
1
33
1
1
1903
1
33
1
7378
1
4706
1
32
5
2
239
1
36
17
225
100
1
2340
233
78
377
4
1351
15
2
32
32
516
15
169
9860
3172
2
210
165
65
27
55
97
97
390
7
1
562
575
1
1368
1368
3
3
1604
1
1
1
916
20
2384
12
98
1
2
7
40
189
284
342
115
1
21
734
1
41
337
7
3
14
252
30
1
1304
4
126
7
24
3
20
34
495
3
901
78
37
30
6
1
84
213
431
12
512
5
263
2389
105
110
4
31
0
429
3
5
15
30
3
2
10
3
1
240
4491
532
7
22
9
3
122
371
386
430
88
256
138
1
522
3
210
1
40
4119
4
15
1
73
27220
8
3
3
9
2
1
51
120
4444
3
159
36
40
86
102
56
99
1
6128
140
1
9
55
18
53
184
7
1109
434
8
333
2366
6
84
739
391
50
358
1
95
290
3507
15
630
824
1
113
216
6
34
140
20
374
3
9
10
111
14
640
42
132
1
69
36
1964
13
1461
504
19
5
19
890
98
1
17
2
31
32
1809
906
2
680
2
358
1
9
255
1
5501
1
7
2710
3095
845
79
185
5981
338
28
78
26
1147
80
350
28
46
415
448
2
278
5
84
13
4
1737
208
201
403
3
7758
60
177
123
1137
2
2521
316
397
67
12
186
1
20
4
13
452
11
1
1253
1377
401
599
2
378
151
538
1
704
614
209
210
555
519
63
357
4331
11
142
1
1
800
1981
1354
6
22
2
62
517
368
50
722
16
88
1
1
742
112
66
4
43
10
291
593
176
4846
4457
2471
5
4159
1
23654
15
5
1638
3091
2
1
7
537
53
3
13
1
1
369
5
25
819
2
11
2
1
1
2
47
5
15
17
16
12
4727
76
239
5
1
10
556
55
74
7
1
1782
811
1
11
73
1477
408
1
315
38
1071
689
1098
4418
53
1
142
1
17
1
2
10
470
1
28
72
44
90
3
39
26
284
42
909
168
77
703
1106
34
771
238
41
349
277
1104
267
2815
244
28
1588
192
14
11
2874
160
156
89
18
228
92
1
1
5
19
321
261
1037
8654
1025
280
1866
615
325
172
8
8
1017
648
834
2447
291
1
1
1
32
1
3
127
1
1
1
6
3
90
5
8
70
1
107
960
246
1934
4637
2844
1132
30
6
86
112
1
173
684
3
384
344
1251
192
43
7
247
3011
424
1
3391
41
409
309
223
504
45
35
3
3
42
243
237
416
366
28
324
34
511
11
5
30
1
175
12
4
73
489
2409
3
1116
4
153
79
33
832
8770
1674
199
3
1
3
1404
385
3
3
33
1
62
7
91
204
7
227
127
1956
1
6287
20706
2359
151
1354
1310
705
364
2092
21
1
126
204
867
186
24
365
5745
1
654
1764
1669
729
323
10
379
48
785
1
2687
1183
448
756
18
116
179
17
676
489
4190
2456
5963
152
755
811
657
2635
1124
1
261
179
1136
45
4
168
357
783
26
344
597
743
1979
163
343
43
111
4
8
8
275
7
108
216
15
1483
227
6
1
795
1775
25
3
1
4
1
6
110
8
279
1
85
299
9
112
259
1
5401
33
24
1
1619
55
26
6
4
41
1
58
2
92
5
4
67
6
1
4
309
17
19
6
2
18
5228
1
1
454
2717
864
2
1
3812
62
911
2
3
660
39
29
251
1867
197
423
484
1472
1951
10043
1
1816
4
829
127
123
1672
6975
87
105
4532
944
1783
8
1484
1135
1145
3002
2
26
1624
225
196
210
2
14
23
218
522
332
1
16
45
70
4127
156
389
11
1184
694
773
284
1827
13
132
508
52
128
14
1573
1
225
10
43
41
545
1977
5
1
27
5
1
8
37
132
1
77
1
1
54
57
299
126
2
10
66
28
2
56
1
114
182
573
139
2
1413
1155
614
1453
91
409
1814
145
33
3
52
10
1
2
5
62
4
1
6
1
2
833
1148
50
5402
8
1146
1
1884
5
1003
553
119
221
24
1523
4
533
1634
40
764
16
2461
1447
1396
2
1
4
1
124
2859
1582
164
4
461
259
18
11
1
4
1037
9
29
1515
62
208
76
1
4
1
3
90
169
1
25
4
202
20
42
123
2
13
1
1
255
81
1
1
9
2
1
2
39
87
3771
2
422
1
343
2726
1677
3
16
4
356
342
1
140
227
1
2
4
33
121
139
232
139
1
1514
366
188
239
677
1
169
2381
643
8962
61
49
2116
1156
1609
135
6
11
209
753
8
1
92
2618
2423
940
1985
25
803
1
760
8
57
3968
1
1004
84
1036
62
5
526
155
20
2
42
4182
413
24
2
1
1
3
377
1
15
1413
7
2
763
55
249
55
71
57
30
808
724
1
197
1286
330
1347
514
356
1113
125
184
430
83
1729
63
276
85
14
1
149
458
24
3
1
20
66
6
14
3
2105
242
1274
565
1301
661
2497
190
804
744
188
359
213
536
148
358
98
311
382
61
170
163
1675
1
2
1
4
3
118
1
299
4
1
3
428
91
264
1
2
1
1
1
59
3
14
1
1
1
1
6
1
86
1
12
6
8
34
1056
239
3
184
133
422
320
360
287
2597
268
238
156
2
1481
245
290
41
892
1487
783
25
379
189
131
16
682
1735
680
6
314
603
2838
127
154
338
6
1740
1231
3
56
187
5
159
242
546
176
182
145
9
5
36
601
1
1
39
1243
356
71
1
9
8
138
49
263
557
453
1757
2925
117
1190
4803
3
8458
2046
6508
2
6359
2
6272
5
8947
3
1
4705
1227
4102
1
9615
1
6362
1
4
1
25
74
126
47
221
12
6
1
17
309
3890
20
12
11
2
662
29
877
1
10
1
151
32
4
2
395
5
412
312
322
2277
708
688
727
299
152
10
20
263
31
4
346
3
15
64
48
135
4
177
37
1
3
1
778
1476
413
299
70
128
5
66
1
567
52
479
523
1044
89
411
406
162
9
23
865
1
2
4
1
980
761
3
251
20
1
718
407
15
197
114
217
1
463
31
18
85
23
148
56
52
15
31
35
166
7
13
1
109
396
1
736
74
500
7
25
5980
658
1
5
3
67
30
335
21
2136
1
767
159
287
818
1
1
438
3256
776
25
3870
43
4318
28
81
1
11
3
49
3
796
1
5
6
1901
1
269
246
215
1055
41
107
2
1
1
5
1
1
16
1
277
7
323
18
85
58
1
1
57
14
1707
30
3551
228
49
29
110
112
383
686
11
71
12
9
610
3
1
2863
379
237
1412
188
16
786
38
1988
4
177
428
3859
90
4
14
1374
31
1207
2
10
497
1040
86
246
31
170
35
1
15
263
724
304
996
443
390
1947
141
58
2171
193
1841
10061
3994
2281
4338
160
4349
4
8
1
38
322
59
258
1
3237
16
132
6
174
199
30
61
420
1449
8
168
94
287
319
162
681
24
121
121
2557
15373
1
3
1
1
272
1
93
2
3
31
486
1
15
2
1
65
1
4
2
2
4
127
10
2
23
1
120
25
1
30
1159
30
16
12
235
1
758
1
1
706
312
278
89
1
1
1948
362
2
172
937
6
20
11
1
986
59
74
93
1133
9
471
2645
2
3
14
1
7
97
214
4114
7
140
2441
1338
745
0
2
6874
217
82
1
6
2863
258
16
5
210
17
65
244
28
526
979
178
152
1389
2
3
30
817
214
230
30
3
516
3017
1930
494
11
65
126
187
1
0
1
3
11
32
86
146
131
4
258
20
1672
181
2
7
2
3
2
340
481
827
393
270
510
290
63
645
256
74
28
428
1887
1040
9
448
245
959
76
6
306
4
143
656
173
1116
858
15
28
1
820
99
3
31
648
897
7
1
5754
2193
2
2
584
6
7
2765
6191
2
1
391
19
207
361
22059
1922
3874
17
4158
136
284
1987
544
2
13
1
889
577
2748
10273
16
267
4748
1571
38
444
2253
23
781
1660
1
501
169
12
1349
45
245
4215
324
83
59
130
486
1
222
39
18893
174
237
8
185
178
1
9
6
1
18
201
157
161
154
61
2
79
3
9
4394
65
14
3
302
3
163
1
24
96
46
174
2
36
281
157
16
39
371
952
77
20
173
1268
49
9
80
31
18
139
10
456
713
35
336
170
4
241
12
62
105
1
90
1763
367
548
21
358
409
221
31
14
1315
62
6
1
71
231
376
55
170
24
101
14
104
171
51
78
696
107
421
1216
1512
2023
424
196
342
1
101
121
12
4380
441
2058
413
175
2
379
2729
54
1
27
2183
4
13
1
1335
1
372
5
605
597
2
623
3
148
1
34
54
1
100
19
3
1
955
80
139
12
1
121
7316
18
5
554
1
1691
1
421
720
13
399
1
10
74
7
66
6
3
183
634
1
1
230
7
2258
1727
6
1
16
70
41
2
11
360
3
1076
317
443
223
47
55
86
5
485
150
1
1223
93
69
52
308
1
168
198
4
281
7
389
83
6
1
508
2
1
89
8
2
3
17
1
1431
3
1
0
7
6
4
14
83
3
23
8
11310
1
1
2
1457
2
268
3
479
620
321
1
348
22
297
12
1510
44
1
2
4
10
94
2308
1689
1132
70
186
62
367
259
1
33
1229
5
1
5
20260
6047
7
515
426
14
41
4
101
12
428
148
143
144
122
74
3152
13207
11
79
2
19
4305
83
38
191
38
65
164
37
12
280
2
53
19
44
1281
1
369
4
15
1
9280
438
79
328
3
2153
328
8926
9
1
75
1
2
4
41
17
38
4
101
52
32
10
130
73
175
14
1
1
69
199
381
92
37
214
169
371
2
35
263
65
23
23
58
2121
1
252
60
111
7
214
1083
1078
470
157
45
423
332
243
4
1
3
1
115
1
1
141
20
229
1478
4
27
3
3
283
4
157
235
2947
1
2
18
30
1
4
307
4
187
634
169
9
130
7
63
111
2260
8
22
14
1
2
360
3
906
3
689
3437
1
1
282
446
91
455
108
2
858
237
21
71
1
6
55
1558
9
1
360
65
188
197
66
41
32
177
316
64
121
54
28
57
6
128
543
40
109
15
1
4
23
1
8
3885
6
23
2
1
202
2
1
1
236
132
122
27
162
1
785
6
5624
36
1424
2810
18
3
9130
440
313
5145
1098
1
1163
2189
265
246
151
313
12
74
777
6
144
15
11
1
7
254
30
41
2265
4
1
4
391
130
9
326
74
117
209
101
158
9
75
785
208
6590
17
1
2
1
58
314
5236
1690
910
211
84
1
1177
1541
30
42
1010
1081
7
3280
6
13
12
1864
247
249
1
1
3
77
38
38
28
124
661
3289
1
2
3
240
9
2544
617
50347
6
6
7
7
4
25
4
1
1
9
2
1
4
6
1
1
1
4
11
1
1
2
0
1
214
2
16
1
5
61
46
137
25
51
11467
31
151
4
1
5461
10
16
3
2
4444
2
92
11
2
1
8312
135
126
73
36
159
14
8
18
247
16
67
242
571
2
1
658
11
1
2
16
1
2
22
128
7
32
300
15
227
17
17
24
1
9
237
356
9
948
84
2
113
2
1
29
83
738
1317
11
21
513
33
569
117
77
134
5
68
995
649
3
1362
1
4099
165
96
13
10847
170
3139
1
1216
242
1
1209
4290
3
1356
131
14
739
478
290
3167
836
485
17
535
1549
27365
15
47
14
104
16
5
1900
10
21523
3300
339
10
4347
6956
2143
18
12
1289
7740
4633
8828
436
1
4
4
3611
384
1
3664
148
28
1
2
1
1
962
3
1
1508
9465
8
43
30
745
1
1237
1
12
1041
643
6
285
3
5
6
1963
2433
1702
1699
4
7
4913
4
2392
104
13
38
11
2
37869
5
1
876
489
70
284
3
1037
844
1075
1394
2
1
18
31
5
163
115
17
346
122
765
2
2
43
19
304
121
1225
87
5150
3
4530
14
1
417
91
8
2
878
2039
4
233
653
272
370
317
529
407
36
540
697
1516
1
1644
614
331
521
61
258
185
49
465
3
7
3
10
1
1
274
8
37
1570
1
11
4
1
158
3
462
528
305
159
1
1
13
1949
1
56
55
252
144
10
30
17
36
14
15606
19
316
54
10
198
753
698
2
1
20
2699
3
126
1
0
17
43
2
1
1
2
62
1
1
1
1
9
0
6
1
1
39
1
4
15
61
0
63
6
7
8
1
2
13
3
636
2
3
5
3
4
2
1
2
3
73
3
1
3
10
1
1
53
2
1
4
1
1
5
23
1
1
1
2
1
1
1
2
130
104
1
1
9
1
29
2
13
5
2
58
3
2
8
3
6
1
1
2
6
1
5
1
1
1
2
220
10
12
5
5
16
6
4
28
36
147
3
1
2
4
2
19
3
1
5
13
1
1
1
7
14
3
1
2
48
1
1
1
92
10
2
237
9
2
5
6
6
1
18
2
1
2
1
21
10
7
1
21
3
1
1
1
1
1
1
1
1
13
1
3
1
1
1
1
4
4
47
4
1
7
1
39
1
4
1
3
1
4
1
3
1
39
2
1
2
1
1
1
4
1
38
1
2
11
3
2
1
5
1
3
1
1
1
2
12
2
1
17
4
14
1
7
1
1
10
5
31
5
27
2
9
7
2
2
114
8
12
1
6
6
24
28
1
6
3
1
1
75
69
1
8
2
10
255
3
1
1
3
3
1
2
1
4
4
1
4
2
4
3
1
1
1
4
1
1
1
7
2
2
18
15
1
1
1
8
1
1
1
14
1
2
44
1
10
1
4
4
6
8
91
3
4
29
2
6
70
3
3
1
1
79
3
1
3
3
3
4
3
2
1
1
1
15
0
4
226
4
41
1
8
1
2
1
1
1
1
1
9
1
1
3
3
1
1
1
2
509
1
32
8
3
1
74
107
1
65
393
16
62
10168
1
1
7
1
11
6
3
1
6
4
4
2
1
1
1
1
4
28
0
9
5
0
28
2
7
2
27
4
1
7
5
1
3
1
11
25
2
2
1
1
2
1
1
4
3
1
1
2
1
2
1
62
1
1
28
7
109
1
1
2
1
62
1
1
1
2
1
1
2
4
21
17
1
9
1
2
2
1
1
8
0
1
2
11
1
1
1
23
2
1
1
13
2
9
5
28
1
1
1
1
11
8
5
1
22
1
2
20
2
8
2
13
1
1
2
1
13
78
3
11
1
2
2
142
1
2
2
8
1
1
2
1
1
27
1
1
3
2
4
1
9
4
1
2
1
1
2
2
1
355
2
114
2
1
2
159
1
1
50
5
3
1
66
2
1
1
1
4
3
1
3
3
2
9
104
3
1
1
3
4
6
6
1
1
1
1
1
8
2
4
1
6
7
1
17
2
1
2
1
1
1
1
5
2
4
2
3
2
1
7
5
1
21
1
1
1
1
3
5
1
3
16
12
13
1
1
5
65
99
3
2
17
13
13
3
2
2
7
2
21
0
1
1
1
44
1
3
2
15
1
3
7
1
14
5
1
3
8
35
16
35
16
5
469
1
6
3
13
2
98
6
4
2
2
6
6
2
23
7
71
4
1
2
4
1
1
2
1
2
2
965
28
1
32
1
23
34
1
28
2
7
1
1
2
1
65
1
7
4
1
2
1
28
1
1
746
7
1
1
1
229
1
11
54
2
9
21
4
1
37
5
114
2
1
1
2
2
21
2
1
2
9
1
1
10
9
1
1
2
4
1
1
5
1
2
2
15
4
2
2
72
3
1
1
42
1
4
1
1
2
1
1
2
5
1
1
8
26
8
1
1
3
2
3
1
14
1
7
2
11
1
5
6
1
1
1
1
1
1
14
3
10
3
110
3
1
6
22
41
2
1
1
43
5
1
1
347
14
1
20
1
1
2
2
312
7
7
13
3
6
1
26
1
1
1
31
5
1
1
1
5
1
15
1
1
1
6
1
1
2
47
1
2
1
7
1
1
1
1
1
3
4
957
1
4
1
1
1
20
1
1
15
16
1
79
4
8
2
2
1
1
6
13
6
1
4
1
2
3
1
4
27
1
11
1
1
4
1
2
3
1
3
1
42
1
1
1
1
7
1
1
4
97
5
1
3
20
1
3
1
0
1
2
6
1
30
15
60
2
1
3
1
9
3
3
12
1
116
25
4
5
110
1
5
4
13
2
12
6
1
2
5
14
1
12
1
3
10
5
1
1
8
1
1
39
4
1
23
1
1
1
2
1
15
11
1
1
3
21
2
1
1
8
42
694
33
1
1
2
1
10
37
1
4
2
16
1
7
2
1
6
1
1
2
17
1
18
1
24
2
1
4
2
120
2
11
7
1
2
201
12
1
1
1
2
6
27
1
1
1
1
1
1
30
4
1
4
1
3
8
3
24
6
1
34
1
1
1
6
72
1
2
3
2
1
11
4
16
2
13
34
28
13
1
33
1
15
1
27
1
1
1
50
4
2
1
1
1
2
1
4
1
1
1
1
42
1
4
2
1
1
7
1
35
2
5
1
1
2
1
29
61
1
7
2
1
46
1
2
17
1
1
1
0
0
1
2
3
3
1
5
1
29
3
1
9
2
1
1
2
1
1
7
1
2
7
8
1
1
2
1
1
3
90
11
3
4
1
7
2
8
1
15
1
1
1
22
7
3
3
2
3
1
3
9
2
6
2
2
2
5
1
7
12
4
1
2
3
12
3
2
1
2
1
1
1
3
11
18
10
168
1
103
11
5
15
16
98
1
1
1
1
39
4
1
1
13
2
3
2
1
1
14
50
1
10
58
75
4
2
1
0
12
9
1
15
3
10
7
9
3
18
1
3
7
604
1
19
1
25
2
2
19
4
2
2
21
2
2
6
1
25
2
13
37
42
1
1
2
1
14
1
1
3
8
1
1
1
1
13
2
1
72
1
1
27
1
13
4
1
8
39
3
1
4
1
1
3
7
15
74
12
1
3
8
1
2
3
2
7
1
1
1
5
2
2
23
1
20
6
1
1
6
7
4
6
13
5
4
296
1
2
4
1
1
1
0
61
2
1
3
1
1
4
2
7
1
1
20
1
2
5
3
9
2
6
3
1
1
9
1
8
1
2
1
1
2
2
3
1
4
4
1
4
1
1
1
12
1
1
16
3
2
3
4
117
3
2
3
0
2
2
1
1
5
7
3
6
1
2
1
21
16
1
1
5
12
8
19
1
4
20
5
1
24
3
1
1
1
2
2
26
79
1
17
1
2
2
1
1
2
37
1
4
1
1
28
1
1
1
2
1
4
2
2
2
47
22
5
11
2
3
6
1
7
7
6
9
2
7
1
1
1
1
4
3
0
31
3
13
8
281
2
14
13
1
1
16
6
1
2
2
19
26
1
2
23
0
3
5
3
1
1
2
3
1
2
2
1
1
6
7
1
1
25
1
38
3
6
4
2
1
1
7
8
2
1
4
1
2
1
10
2
7
1
1
1
1
2
7
9
8
1
1
1
41
5
6
2
10
1
1
1
1
2
8
1
2
34
9
6
12
39
1
9
55
5
1
8
1
1
20
1
38
2
1
1
3
5
83
0
1
11
1
91
3
90
1
1
58
1
1
2
4
15
21
1
13
1
1
2
1
1
5
7
1
2
7
22
5
1
1
2
8
2
1
14
3
86
6
2
1
74
2
3
31
3
1
1
5
4
21
4
5
1
11
6
3
30
1
2
1
1
3
38
8
1
14
2
23
13
3
1
1
9
2
6
1
3
4
1
2
7
3
374
2
3
4
2
2
21
1
1
1
5
6
23
1
1
2
25
3
5
1
1
1
1
25
5
6
1
1
5
1
1
4
1
34
1
259
8
3
5
9
1
1
2
7
14
1
1
2
2
15
1
5
3
1
23
1
7
1
1
9
1
1
1
24
2
14
1
1
1
16
34
20
1
1
1
2
1
1
2
1
5
26
2
3
1
2
3
2
1
1
1
2
2
5
3
3
2
2
3
1
7
2
1
15
55
1
3
1
3
3
2
1
1
19
1
2
3
6
8
48
1
1
1
1
2
3
1
2
4
6
1
1
15
3
2
7
9
2
1
2
1
3
21
2
3
22
9
1
1
1
6
1
5
14
3
220
4
1
2
17
2
3
2
1
1
1
5
6
16
2
4
5
44
5
12
1
1
1
2
1
2
8
1
98
1
1
15
1
16
14
32
10
4
43
3
2
6
194
10
2
41
34
4
1
5
26
1
9
3
332
6
15
28
2
1
8
1
12
15
1
1
2
1
4
1
1
12
1
2
1
1
18
1
1
5
4
3
2
2
1
1
6
1
52
1
5
30
12
13
3
1
54
46
2
2
1
56
7
1
2
2
6
21
2
117
1
3
5
4
24
1
3
1
5
1
3
33
1
1
1
2
11
54
29
9
2
6
3
4
9
2
1
4
1
63
0
5
1
28
13
26
187
0
3
4
12
1
5
1
7
1
1
1
1
1
2
17
1
1
1
14
1
6
2
153
13
32
1
2
1
16
25
1
6
3
6
10
1
3
3
2
85
1
2
2
2
12
5
2
2
20
4
1
11
49
2
52
3
15
18
2
1
2
1
9
2
2
1
343
1
5
3
1
15
19
5
100
2
0
2
2
2
10
7
2
6
1
19
35
1
16
2
1
13
2
8
2
3
1
2
3
21
4
1
18
1
2
11
6
2
8
2
95
3
3
9
20
1
9
1
2
27
2
1
12
2
1
1
5
3
39
1
26
56
89
1
1
9
9
1
6
72
104
1
2
1
27
1
2
1
1
1
86
7
1
1
1
31
3
1
8
13
6
4
3
8
1
2
22
1
4
1
50
1
0
1
1
16
2
2
4
4
1
2
2
432
1
3
3
2
5
2
1
2
7
9
1
1
39
2
2
16
20
145
10
3
1
1
1
1
1
1
1
0
22
14
8
1
2
0
5
1
23
7
13
3
7
1
60
1
6
5
1
5
5
1
1
3
1
87
63
1
3
2
1
1
4
3
2
1
1
3
4
14
17
18
2
25
1
2
75
9
3
4
377
1
1
1
0
6
1
4
1
1
1
2
1
3
6
10
2
21
1
1
1
1
12
81
1
2
1
1
27
1
3
4
2
6
2
39
4
1
11
2
15
1
1
1
1
1
10
2
2
32
10
8
3
1
74
1
12
2
8
4
1
1
37
1
2
127
1
1
2
1
29
1
1
1
2
2
3
2
1
6
1
8
1
1
6
6
1
1
1
8
1
1
12532
2
4
3
562
1
1
15
2
7
78
6
1
1
2
1
7
37
1
10
7
6
4
1
2
2
44
1
4
1
1
1
1
28
4
6
14
9
16
1
1
5
16
12
1
1
2
9
2
1
1
7
104
1
1
11
1
1
5
1
27
4
4
0
3
3
1
2
1
5
3
5
5
2
29
3
3
14
5
62
1
37
10
1
15
1
2
3
1
2
50
1
1
8
3
1
3
122
8
9
28
2
13
4
37
67
28
1
2
3
1
3
1
2
1
2
22
2
2
5
2
30
1
41
50
19
1
1
2
1
28
3
1
3
8
14
0
654
29
1
3
1
15
137
85
2
1
1
61
1
3
54
2
3
5
1
1
1
7
2
44
21
2
83
4
1
2
0
8
2
1
1
8
9
2
2
20
1
5
1
30
2
1
2
21
9
1
32
4
6
10
25
1
2
6
14
2
1
19
22
13
7
5
9
7
1
54
4
3
1
7
1
12
41
0
40
1
1
2
17
20
13
3
225
25
2
1
0
44
2
8
1
1
2
2
2
161
3
7
14
1
1
3
11
5
30
4
2
11
1
9
27
9
1
37
16
208
1
2
85
8
5
7
5
3
1
4
4
6
2
1
1
4
1
1
2
6
2
6
11
7
3
1
4
2
1
3
9
2
31
17
9
60
10
1
1
3
1
5
14
1
31
5
1
1
12
1
2
2
1
17
5
1
1
1
5
1
26
1
1
143
56
4
6
2
1
1
7
1
42
1
18
8
44
3
6
1
1
2
2
1
2
2
1
1
2
1
3
2
5
3
3
3
4
1
5
8
1
3
1
1
2
1
1
24
1
1
1
6
71
5
25
2
8
1
121
1
2
1
6
1
2
1
57
2
5
2
14
5
2
1
4
7
41
2
1
6
1
47
0
28
0
1
1
3
2
1
6
3
16
4
1
23
1
1
3
3
128
15
18
4
1
1
1
17
2
2
25
4
4
10
2
3
30
201
3
14
1
12
3
40
6
7
18
2
3
13
5
7
27
9
1
3
3
3
13
124
15
4
6
4
3
11
1
3
27
1
2
1
1
3
4
7
22
4
5
3
2
6
2
1
1
6
5
2
8
13
58
32
1
1
2
4
2
84
1
1
44
4
34
3
15
32
1
3
1
63
2
4
7
4
65
15
1
1
1
5
2
36
17
68
4
6
1
60
14
16
176
8
24
6
21
167
15
21
15
4
6
66
5
1
1
11
9
2
25
1
74
3
62
7
5
1
5
3
2
1
1
1
1
1
15
5
1
3
112
3
1
4
1
3
4
1
11
37
16
9
3
14
1
1
14
408
2
1
2
35
6
14
2
3
25
2
1
2
1
1
21
1
2
32
2
4
1
2
11
24
9
4
1
2
3
8
10
1
2
1
2
30
11
18
12
70
32
3
3
5
11
2
6
298
80
12
6
91
5
1
5
10
3
4
1
7
1
14
9
1
17
11
85
13
1
82
2
3
1
11
1
16
23
9
1
1
3
6
7
1
25
2
5
6
3
26
1
2
5
1
9
36
1
22
17
2
4
13
24
145
1
16
1
56
1
31
15
2
1
2
3
1
61
1
1
1
8
1
1
6
2
7
6
1
24
11
6
22
1
23
3
1
0
1
2
6
1
122
1
1
6
26
1
1
1
1
9
1
4
4
63
20
1
168
3
64
6
3
2
4
73
2
1
1
1
1
1
2
10
4
88
1
3
25
6
31
2
3
1
116
5
1
24
1
13
6
2
1
68
11
2
1
14
7
9
11
5
1
1
3
16
5
2
5
11
955
18
0
1
79
1
2
1
1
9
3
2
5
5
2
1
3
1
5
1
5
1
5
90
4
6
26
3
2
2
1
1
3
1
2
4
4
2
4
4
3
9
2
22
2
10
1
8
5
661
26
18
10
7
6
3
1
1
1
33
21
12
1
4
4
1
7
2
1
13
6
4
2
1
34
1
6
3
1
3
72
43
1
1
13
101
2
11
1
1
1
29
1
11
1
1
2
4
2
9
11
24
3
2
3
1
16
1
6
2
15
96
1
225
31
1
2
53
2
9
6
5
3
1
25
13
6
15
3
1
2
2
1
2
1
3
2
9
54
1
10
4
3
4
27
76
1
6
18
10
605
1
2
23
3
9
1
4
3
37
1
1
1
1
134
6
177
6
2
2
43
14
2
1
1
3
7
79
1
3
4
7
174
1
5
2
3
3
14
1
9
1
346
1
1
4
1
1
18
4
5
1
1
1
2
1
3
1
1
1
1
3
3
1
7
2
7
7
2
4
1
8
6
6
7
2
2
2
3
1
1
1
4
3
2
6
4
3
11
3
3
26
51
2
1
1
2
4
393
3
209
9
8
6
1
1
1
2
6
1
2
2
16
50
1
2
13
13
12
1
9
3
2
2
1
27
49
1
29
4
3
5
1
33
4
2
1
3
32
15
181
3
1
1
2
1
1
2
9
38
1
1
3
3
1
157
1
1
69
12
1
4
2
22
6
142
18
3
2
1
1
7
4
19
1
17
12
1
1
24
1
13
5
12
1
5
15
1
2
14
1
3
30
5
59
1
24
9
2
4
14
2
1
5
16
8
1
1
10
13
1
1
1
21
10
5
1
1
141
47
53
1
9
3
70
1
6
14
12
1
40
1
25
70
17
2
4
1
4
14
58
7
2
1
1
3
1
39
56
11
3
1
1
102
2
6
24
4
4
5
9
1
1
17
65
29
5
1
3
4
1
3
1
1
1
2
1
26
8
49
16
3
6
1
1
2
1
2
2
1
6
6
19
5
2
50
2
12
31
2
24
2
18
2
6
2
2
1
6
23
7
1
1
2
1
69
47
1
31
11
3
3
3
1
49
3
2
12
29
19
85
37
13
22
6
2
6
1
7
27
31
5
0
1
15
1
49
12
18
2
1
7
6
2
2
14
1
7
48
4
1
12
1
4
5
2
1
7449
6
6
17
9
11
6
10
1
4
1
104
35
0
3
2
35
6
3
7
4
99
6
7
14
1
1
1
3
2
30
2
6
23
1
1
5
2
9
9
12
2
38
5
2
1
15
20
1
3
24
1
3
3
1
1
3
1
2
26
41
14
4
1
1
21
48
6
2
12
28
1
1
48
18
58
2
2
98
47
14
31
4
182
1
67
22
20
7
7
1
4
1
1
26
2
215
11
14
358
221
2
1
4
32
1
5
1
1
1
1
6
1
1
17
1
22
9
10
4
83
2
11
9
1
4
1
98
5
1
5
14
3
4
1
45
4
7
3
2
13
3
21
3
24
3
21
4
14
1
8
0
6
6
47
0
79
1
4
115
2
1
1
1
16
15
11
1
1
1
36
24
1
30
1
1
12
2
13
9
8
1
132
1
1
1
27
23
3
2
1
2
4
19
1
1
1
4
1
11
3
1
1
10
2
12
10
1
205
42
3
1
6
1
4
4
4
443
1
4
11
2
1
609
4
6
2
1
7
1
26
1
1
2
4
6
2
11
1
1
8
1
67
5
54
1
1
1
4
13
119
89
1
3
2
1
19
80
2
86
1
4
1
1
20
1
29
1
18
36
150
4
2
13
14
12
2
2
129
2
2
11
33
19
2
1
59
1
214
1
4
23
2
699
1
2
4
2
1
7
8
1
1
52
1
1
79
1
7
2
3
6
2
1
2
1
43
3
2
1
1
1
1
9
2
19
412
2
5
1
1
16
32
4
5
4
1
23
0
2
6
2
9
1
2
6
4
1
12
22
50
1
5
3
4
2
7
2
1
7
3
3
1
414
57
117
6
1
1
130
1
2
10
1
2
7
47
2
19
8
8
3
2
4
4
17
35
2
414
6
15
11
10
1
3
3
9
19
1
2
2
1
1
7
4
1
6
2
1
1
1
1
1
2
7
4
3
7
3
1
1
40
17
1
1
7
1
1
1
4
1
2
5
2
1
18
1
6
2
2
4
2
7
2
2
175
10
9
29
8
2
136
1
10
13
2
1
1
37
8
2
1
6
1
2
1
3
42
5
1
11
1
1
17
1
32
1
18
7
4
404
38
2
32
1
2
1
3
6
2
12
3
3
1
1
3
3
1
41
5
5
39
2
1
16
1
3
1
7
10
6
1
12
1
1
1
15
424
1
1
65
9
1
1
52
55
10
2
1
1
5
1
5
2
5
2
1
56
2
1
2
8
1
3
1
218
3
1
1
20
21
1
1
2
2
1
1
3
126
1
5
10
1
15
10
1
4
2
1
2
1
1
3
58
4
11
30
2
12
84
7
5
1
50
8
2
23
3
6
12
2
11
5
25
3
18
9
3
8
5
649
2
4
5
4
3
1
1
1
3
3
12
2
11
7
1
2
14
19
3
34
1
2
595
1
1
8
5
17
174
1
2
21
3
2
70
1
90
7
6
3
24
1
29
3
51
2
2
4
45
4
2
3
1
3
1
38
63
1
1
12
10
8
2
6
1
4
6
3
53
84
4
8
1
2
2
5
39
8
4
1
3
9
1
1
17
1
6
5
109
5
84
1
1
29
1
4
2
4
29
5
13
2
5
1
74
1
1
8
4
3
1
2
45
1
2
24
1
10
10
1
262
58
2
45
52
1
1
1
37
4
1
2
2
2
1
26
4
0
4
1
1
2
27
4
2
5
1
3
3
0
3
6
1
4
255
1
20
1
2
2
13
13
11
40
4
38
13
2
7
2
1
14
20
1
2
5
2
7
70
30
1
5
33
4
1
176
76
1
5
22
5
1
1
3
3
1
3
28
2
5
1
29
1
4
206
1
42
1
2
1
36
37
1
3
1
1
40
1
8
2
2
1
1
1
2
74
6
2
4
51
1
1
1
2
9
2
3
6
3
1
1
2
1
2
11
1
1
4
5
1
13
249
118
7
2
157
13
1
16
1
44
43
4
1
5
20
4
1
13
8
9
10
5
39
2
2
1
2
3
2
9
8
11
33
1
1
1
15
3
72
1
2
1
63
3
2
3
2816
1
18
15
1
2
2
2
72
3
3
8
5
1
9
4
1
1
1
1
97
9
4
1
7
13
1
2
76
1
6
10
12
3
4
4
139
1
4
2
1
1
1
1
1
0
1
17
2
1
27
2
1
130
2
1
4
1
1
3
1
36
6
3
2
119
109
2
2
16
7
2
0
2
10
1
1417
2
4
1
1
3
11
1
2
1
2
24
2
99
5
16
2
19
1
11
2
95
1
9
2
3
73
2
53
9
1
26
3
25
24
12
3
1
6
2
2
1
17
2
1
28
10
0
1
9
8
1
1
3
5
7
10
1
1
41
89
15
2
1
4
4
4
1
25
2
20
173
1
5
1
33
4
2
28
8
51
7
46
77
11
7
1
163
13
2
3
38
24
21
1
445
1
8
3
3
1
2
1
9
16
1
3
1
30
1
122
9
5
1
18
41
317
3
3
62
1
1
95
15
8
14
23
12
5
23
10
35
1
9
11
7
32
7
1
1
49
7
28
45
4
20
2
24
1
17
2
1
62
1
6
38
14
32
6
2
5
37
21
1
3
677
20
8
12
28
2
24
1
5
22
92
33
31
12
1
11
8
2
10
1
1
5
2
3
1
1
261
2
5
9
112
1
23
6
4
7
3
16
13
35
76
12
17
7
13
3
234
1
31
5
17
33
25
12
17
3
7
5
4
8
83
11
12
2
2
2
19
25
2
1
3
12
1
10
1
23
3
1391
19
1
53
2
321
1
28
32
236
2
64
5
8
3
54
2
31
14
4
65
5
4
5
4
6
2
14
266
98
4
51
6
4
8
2
72
4
4
9
4
42
2
22
0
1
7
12
3
1
5
3
1
2
11
1
1
9
12
5
1
7
25
1
5
5
2
1
10
18
4
64
10
7
4
19
8
3
1
62
1
1
19
20
134
5
4
10
98
3
13
38
3
1
32
10
9
51
17
4
1
5
2
5
6
28
4
20
1
4
11
152
24
2
2
1
2
2
86
54
2
1
5
3
2
2
2
1
81
2
30
4
13
1
73
8
1
2
27
6
93
3
1
2
8
2
117
6
36
28
2
45
4
4
3
8
2
1
21
11
1
15
12
13
10
1
3
1
13
11
25
3
54
5
5
4
136
4
2
2
16
6
11
11
4
2
22
1
38
19
15
49
4
3
6
81
3
25
31
1
9
13
98
1
13
1
3
2
1
59
4
6
2
2
2
233
8
57
11
1
1
16
1
46
3
1
9
1
11
1
6
1
8
2
1
1
1
32
9
5
1
6
2
1
15
4
13
6
3
15
37
1
1
26
6
2
12
2
4
8
83
2
1
1
1
3
11
14
7
4
2
4
6
69
4
1
49
4
1
3
155
2
1
4
10
71
43
0
2
7
2
38
1
1
7
39
1
77
1
2
1
2
3
20
1
40
0
2
5
111
1
6
2
5
1
98
2
82
3
1
2
4
114
12
3
72
34
43
3
1
3
3
9
2
1
1
1
11
9
1
9
4
3
9
29
5
2
22
3
1
1
1
7
10
25
28
68
31
19
1
16
1
1
71
17
24
1
183
94
3
2
9
1
7
1
72
6
185
12
153
66
60
10
1
14
32
216
1
3
16
2
50
11
164
3
2
5
1
1
58
13
4
7
1
352
2
103
100
5
0
2
3
4
1
2
55
26
1
40
3
53
150
40
3
15
1
5
1
3
37
76
12
1
81
169
521
393
158
1
142
2
55
38
80
5
11
87
514
2
1
15
28
14
4
2
94
2
2
16
45
13
150
228
247
1
1
6
3
6
431
1
2
59
122
617
1
1
250
50
38
316
85
3
98
3
3
2
11
1
27
57
1
3
53
11
3
93
13
6
1
102
144
1
34
59
873
85
8
87
13
344
2
3
24
229
1
3
53
335
1
29
75
9
1
20
1
24
1
50
124
7
317
67
225
0
623
27
137
425
4
1
1
35
73
123
2
7
1
36
18
92
2
512
29
83
2
1
163
51
84
1
1019
2
258
3468
24
4
61
1
12
2
3
10
33
42
4
3
18
14
2
14
1
78
6
12
69
1
2
178
69
130
84
3
53
32
82
10
51
58
1
164
8
7
7
2
2
2
6
1
2
58
2
3
31
53
2
5
2
3
1
27
11
37
1
1
6
7
4
1
59
5
38
1
2
3
0
2
3
1
12
15
3
42
8
1
6
1
4
1
1
32
1
1
2
11
13
5
1
217
2
1
5
1
37
2
2
5
5
1
443
1
92
1
134
1
11
10
60
2
6
6
541
3
43
1
2
29
1
1
2
17
2
2
11
1
1
281
11
64
24
1
120
27
2
54
2
5
297
8
7
72
3
3
10
89
3
3
9
4
6
2
1
1
2
2
21
33
7
1
5
77
57
1239
1
3
2
2
15
43
4
21
1
78
2
2
1
5
4
7
1
1
2
2
2
3
1
3
3
2
1
2
3
1
24
1
1
11
5
1
535
2
3
1
1
9
4
9
3
2
1
3
90
4
19
1
1
1
2
1
0
1
3
16
37
3
1
7
2
2
1
1
1
1
1
2
2
2
0
4
1
1
1
3
3
12
1
4
25
7
447
11
2
31
1
14
8
1
2
3
1
1
1
1
1
6
2
1
1
2
12
1
3
7
5
1
1
5
2
2
1
1
1
2
31
19
4
1
2
9
3
7
12
24
1
2
1
1
31
3
1
8
3
5
2
1
2
1
1
2
11
2
9
1
4
2
1
12
662
1
1
37
15
60
52
1
1
6
6
4
10
4
1
7
367
3
1
2
2
1
1
1
30
2
3
1
8
1
1
1
1
7
37
2
1
1
2
1
26
39
7
3
1
1
85
1
6
7
1
1
4
2
1
8
1
3
18
1
3
3
1
1
51
3
14
1
3
2
2
1
1
8
4
2
41
2
1
2
2
1
1
77
1
1
1
1
17
1
1
8
4
10
1
1
12
27
3
2
19
1
1
11
2
1
413
1
48
5
1
3
2
7
1
52
1
4
2
8
1
1
1
2
37
1
1
1
15
6
3
1
10
1
2
1
8
2
3
5
3
27
171
1
9
4
8
4
10
35
18
1
11
1
1
285
1
2
1
9
1
1
1
1
8
1
2
1
1
3
1
1
6
1
1
4
6
1
6
4
36
1
1
131
2
1
3
34
6
4
1
1
15
2
3
1
1
27
8
71
7
3
4
3
18
6
5
13
1
1
2
9
2
2
4
7
2
1
29
1
2
3
2
3
10
3
3
1
1
6
1
1
1
36
1
8
1
1
11
1
3
19
2
5
8
25
2
1
4
1
38
51
2
1
1
1
1
2
12
6
4
1
25
3
10
1
1
4
1
10
3
2
4
1
3
1
2
2
1
10
2
1
1
1
5
4
1
1
3
2
1
5
1
8
9
1
3
1
4
1
3
25
3
2
1
2
1
5
2
1
1
1
1
1
2
1
1
31
67
53
2
5
30
2
5
5
149
2
1
4
3
5
1
0
35
1
7
3
14
1
1
1
4
4
5
2
7
40
8
6
1
2
2
9
8
6
1
2
1
1
3
1
2
1
1
1
2
7
4
1
3
15
2
4
2
10
7
1
1
1
3
11
13
1
4
1
1
3
1624
1
48
1
1
2
2
1
1
3
1
1
1
3
3
2
4
10
1
1
1
78
1
1
1
12
1
1
2
303
59
2
102
4
13
1
8
4
1
22
2
12
44
13
1
1
11
1
1
1
147
13
1
3
2
8
1
14
6
1
6
4
7
1
1
10
5
1
10
2
1
140
1
2
5
1
2
3
4
1
1
7
6
1
34
4
10
1
1
1
26
1
1
7
6
3
3
1
1
1
8
45
1
4
1
1
1
1
11
1
1
2
1
10
2
1
5
1
43
1
1
1
2
2
2
2
1
24
4
3
2
1
1
12
11
1
4
2
1
2
3
28
52
7
2
5
5
1
1
2
1
6
1
2
1
158
14
1
1
1
1
2
2
1
4
1
9
4
2
1
1
1
3
67
4
1
2
18
1
93
8
5
1
161
2
2
1
7
1
1
1
2
1
5
23
1
1
1
1
5
12
8
1
6
1
12
1
5
1
3
1
11
18
7
1
1
1
3
1
1
1
77
1
6
9
1
3
1
2
1
1
8
17
3
1
1
3
3
35
111
7
24
5
3
2
1
1
1
1
3
9
10
1
17
1
1
1
1
1
2
2
1
1
1
1
1
2
2
4
7
1
24
1
1
4
1
1
13
13
4
17
3
1
4
165
21
1
3
7
4
1
4
3
2
1
53
8
2
1
2
1
2
3
1
1
1
1
1
7
6
34
4
1
1
9
1
3
3
1
3
1
1
4
1
1
14
4
5
1
1
36
1
1
2
7
1
1
1
1
4
1
3
1
1
2
1
4
17
1
1
2
49
1
1
2
4
1
1
2
3
4
1
1
2
11
6
10
3
1
1
1
1
6
1
1
1
2
1
9
1
2
5
1
4
2
2
0
2
14
2
2
18
21
5
1
3
1
1
16
1
1
4
4
43
1
3
1
3
3
15
5
1
4
4
6
2
8
3
20
1
34
45
4
1
1
2
1
7
5
1
1
6
2
3
2
1
2
67
1
2
1
5
46
1
1
2
0
1
33
1
2
7
1
3
1
14
1
18
14
2
3
3
1
2
1
1
6
1
1
1
1
7
6
14
1
2
2
2
1
1
1
1
2
14
50
4
20
1
2
8
1
1
1
2
1
4
1
1
3
1
9
2
11
7
1
1
2
1
3
111
2
11
1
6
1
1
9
2
1
1
1
2
1
1
1
5
3
1
1
1
2
6
1
13
1
6
1
2
2
1
1
1
3
1
1
24
2
2
1
6
21
6
264
2
12
3
113
1
1
7
1
3
4
6
1
6
13
3
2
2
1
1
1
2
0
3
1
1
1
1
30
1
30
1
2
1
19
5
1
1
1
2
1
2
149
1
1
1
22
15
3
2
1
1
1
1
2
26
70
2
5
10
1
2
4
2
1
4
1
2
1
1
1
3
9
1
3
2
7
2
9
1
4
2
7
1
3
1
11
1
10
15
2
4
3
5
1
1
3
257
1
6
2
2
19
6
1
1
3
4
2
9
42
4
2
1
1
3
1
22
1
16
2
3
2
6
4
9
1
1
1
6
2
1
2
7
1
5
1
1
18
5
11
1
1
5
1
0
19
1
1
1
2
1
4
2
1
1
7
2
1
1
1
3
1
6
1
2
2
1
70
15
1
1
1
4
5
378
1
19
1
6
11
2
1
2
1
3
10
1
9
1
9
8
1
2
1
13
3
1
278
1
4
2
2
2
1
3
1
2
1
4
5
1
8
1
2
7
1
5
1
3
1
2
1
1
1
1
2
11
2
1
2
1
1
5
1
1
14
2
1
1
1
1
1
1
2
5
1
89
1
5
1
1
1
815
1
1
1
9
2
11
2
1
2
28
5
11
2
7
1
1
20
13
1
4
1
24
1
15
7
1
1
10
1
12
5
2
27
1
2
1
5
1
3
3
6
3
1
1
2
1
1
1
1
5
1
1
5
1
10
1
6
10
0
2
2
2
4
2
1
5
8
3
30
1
5
1
430
4
10
4
14
1
4
26
1
1
4
1
0
16
1
1
28
8
20
1
1
7
6
1
1
1
0
5
1
1
3
1
112
1
1
1
3
4
2
1
4
1
1
1
6
1
1
89
1
1
1
1
1
1
1
0
1
41
1
8
4
38
1
130
1
1
1
1
1
3
1
1
1
1
8
3
7
1
1
1
7
4
2
1
3
2
3
7
3
4
16
5
1
1
1
1
6
18
6
2
4
1
1
1
1
1
1
1
4
2
1
1
1
1
1
13
1
11
4
13
7
17
2
3
3
1
1
3
43
7
1
8
1
2
2
1
1
1
1
2
1
7
15
8
6
1
1
1
2
11
1
1
2
2
1
1
1
2
9
4
1
4
36
1
1
3
6
2
11
1
2
3
1
1
18
6
3
2
5
1
1
5
3
2
2
5
2
2
4
0
4
1
1
1
2
3
3
16
1
1
1
1
10
522
1
1
6
1
1
2
8
1
1
3
6
8
21
4
8
1
1
1
1
5
23
7
2
2
32
1
51
4
1
10
10
1
1
2
5
1
1
3
2
2
505
5
1
1
1
2
1
5
1
1
14
2
72
1
4
2
1
1
16
4
39
1
3
3
1
16
2
1
2
1
2
3
1
15
4
1
3
3
1
1
1
2
1
2
2
4
3
1
1
1
1
1
2
1
2
4
14
13
1
1
1
1
1
2
6
3
18
2
1
39
1
1
46
1
7
1
1
13
0
1
0
2
14
2
2
1
0
1
0
1
1
1
1
19
1
18
1
2
3
1
3
22
1
0
67
7
1
4
2
3
43
1
1
2
1
3
5
2
2
1
2
1
2
2
28
4
1
3
3
1
2
1
1
8
1
3
4
29
5
1
1
4
1
37
72
1
70
4
5
18
1
1
3
1
1
1
1
2
1
6
30
2
1
2
1
3
1
6
1
3
1
1
1
1
1
6
1
2
4
103
1
2
1
1
1
106
9
1
1
3
1
3
0
2
1
7
6
4
4
3
2
2
1
1
10
1
14
18
1
2
2
1
28
24
1
2
4
10
1
1
1
2
1
15
1
7
2
1
1
2
1
20
3
1
2
3
0
45
1
1
1
1
4
7
82
3
7
1
1
13
5
1
1
2
11
1
1
1
7
1
1
2
6
1
1
4
1
0
8
3
3
1
12
1
4
229
4
48
16
445
1
1
1
1
2
9
1
1
25
5
43
1
1
1
9
2
9
29
1
1
1
2
6
6
1
1
1
1
1
2
1
4
1
1
21
3
1
1
12
2
1
44
4
1
154
1
11
2
1
1
3
1
2
2
1
33
38
48
2
2
1
7
3
1
1
2
1
1
2
1
11
2
13
132
1
3
2
3
60
2
1
4
1
1
2
1
2
5
1
2
3
1
1
101
4
2
12
5
2
9
13
14
1
4
1
1
1
1
2
1
1
37
12
1
1
5
4
1
1
1
1
68
30
6
3
213
65
5
27
1
4
1
1
4
16
2
6
14
6
44
2
5
2
140
1
9
1
87
5
1
1
1
55
10
1
2
1
3
1
4
91
14
6
1
2
1
2
10
49
2
1
4
9
1
1
3
3
1
1
4
1
2
1
39
1
4
2
8
1
16
20
3
18
1
1
126
4
2
1
1
2
16
1
6
2
1
7
7
18
4
1
2
1
6
1
2
3
7
2
1
1
1
0
6
8
1
2
2
1
1
1
2
1
5
1
0
1
0
1
18
1
3
2
3
3
200
1
5
1
1
1
3
1
0
6
1
1
1
1
1
8
1
21
4
16
16
4
3
1
4
4
1
1
364
1
2
804
6
1
2
1
1
1
3
1
1
1
2
586
1
2
91
3
1
4
16
5
3
1
11
24
3
2
1
1
2
4
0
4
1
1
2
11
1
7
4
13
1
1
2
2
2
6
2
1
1
1
4
1
337
9
1
2
2
20
1
31
4
1
1
76
2
6
13
8
2
17
9
1
1
1
7
3
1
1
2
2
1
3
5
1
1
1
1
40
5
1
1
64
3
1
2
5
27
1
4
1
13
3
1
2
1
1
12
2
4
2
1
5
8
6
12
0
1
2
4
1
39
256
7
1
1
5
1
1
7
1
1
1
1
2
1
1
1
1
247
1
3
4
2
1
3
1
1
2
12
4
7
14
3
24
13
1
9
2
12
2
1
1
232
1
1
7
7
3
3
1
21
4
7
1
1
1
1
3
2
1
1
3
1
10
2
1
49
1
2
1
1
1
1
1
2
1
2
3
2
1
17
3
1
5
1
3
1
1
1
31
10
61
2
1
1
1
1
38
3
1
1
2
7
1
1
0
3
13
15
1
2
10
1
1
1
5
6
4
6
3
1
3
1
2
2
5
4
1
1
23
3
1
2
2
2
1
4
1
3
2
1
6
4
2
1
1
1
1
4
15
32
4
37
1
4
2
1
2
11
1
3
1
1
14
4
1
1
2
23
1
7
1
6
5
34
6
1
2
1
236
1
1
4
12
2
323
4
7
1
1
1
9
1
2
1
1
5
2
22
1
11
1
72
12
86
7
3
1
3
51
6
5
1
3
1
2
2
39
6
2
1
5
3
1
1
2
1
1
3
5
2
2
1
10
82
1
1
14
1
12
77
5
1
3
44
1
7
1
1
20
6
1
4
2
3
5
1
6
2
2
1
2
3
5
3
1
126
3
3
7
1
26
3
22
1
2
1
1
0
43
1
7
1
1
1
2
1
1
1
2
10
1
111
4
2
24
5
3
1
26
1
3
4
2
2
3
7
17
3
1
2
1
2
1
11
4
42
9
1
2
2
2
21
3
26
3
2
1
24
1
1
1
1
2
1
3
8
28
1
99
7
11
3
1
2
1
16
2
3
1
1
99
1
1
4
3
2
5
4
4
60
30
3
1
1
1
3
3
1
7
1
3
1
0
8
3
42
1
2
3
20
67
1
1
66
4
2
78
12
2
1
4
8
3
3
0
1
9
51
1
4
0
2
2
2
1
1
4
23
16
21
2
165
1
7
2
2
2
384
1
1
2
1
1
16
1
1
0
1
1
2
1
1
1
1
3
5
1
1
4
1
1
23
4
1
21
1
1
1
34
25
26
1
1
5
2
2
1
4
7
1
1
1
1
1
1
1
5
1
25
2
12
2
1
1
1
1
218
3
6
12
2
21
5
1
1
1
2
37
1
1
1
1
194
5
5
5
22
1
1
3
1
6
1
2
10
2
1
1
10
3
1
8
18
10
4
5
5
2
2
3
314
1
2
8
5
4
3
35
1
2
5
12
1
3
1
3
9
26
4
4
2
6
1
11
2
5
1
2
1
1
1
9
14
3
1
7
5
1693
4
1
2
2
4
49
2
1
1
7
1
1
2
1
2
9
1
3
5
3
7
13
2
302
191
29
32
18
1
1
1
1
1
1
2
6
1
452
1
1
1
101
19
22
2
4
1
1
7
16
283
13
175
217
72
112
2
346
1
81
5233
26
2
13
2
46
42
536
27
790
2
125
6590
46
1918
7
26
774
7
89
3
1353
1
980
2012
4
5
53
42
12
6
1
8
5
1
199
3678
17
114
1
350
42
24
1042
270
225
1
26
95
5
8642
518
180
124
23
67
75
3
1
117
102
22
1
33
52
1228
6
711
415
91
285
491
94
303
186
730
116
406
51
36
18
2
1
619
256
888
809
1593
210
266
165
1128
191
73
1
14
2
4
1701
280
255
598
86
4
47
59
296
37
4762
3
1156
94
5
530
124
1
118
425
10
64
1
4
11
1214
591
2084
3932
86
134
1
1
4
336
32
6
218
238
488
2
473
2607
1
18
2089
1553
33
276
249
79
430
1
1
2
131
244
8
191
48
57
44
39
4
1
373
13
228
1
4
2918
1
37
84
471
28
51
1193
18
213
418
132
110
6
351
800
2
475
21
231
79
80
547
901
59
705
1293
2
337
291
231
1061
2084
1978
285
162
2
513
26
15
212
2
6
515
6018
4457
1
1
69
789
88
114
1
462
7
4
1
6
1
116
233
349
2
407
1
1
5
3
37
113
10234
196
557
8
634
1479
301
370
386
413
18
85
3
14
2
9
12
3
12
568
3
130
293
150
93
1672
93
985
731
268
60
2
6
25
41
13
2477
8
27
6
3
105
16
2911
1
60
302
44
685
2
81
1
1
15
3
181
37
1
163
52
2202
2
1
68
499
2
1
14
8
3
24
20
12
1498
1
1
3741
1
1062
14
74
2
4
61
656
226
15
160
209
345
24
2447
6
3
4
2
633
616
2590
45
2
520
516
18
182
1
3
192
2
1
87
90
211
25
44
12
1
504
2
1
249
34
2
2
61
70
8
45
18
1421
58
407
9
1
20
1047
31
46
273
108
8
7
43
374
43
216
142
456
55
5
1
1980
37
20
4
69
4
1
14
101
35
7
11
2
399
98
206
5
209
1241
953
167
2
233
227
367
218
673
2
83
55
57
1759
686
216
20
271
17
25
24
1
166
166
1
442
499
1
0
718
117
1182
221
116
60
26
1
1
13537
13
226
69
319
4710
8
2
10
87
106
126
302
1
80
11
16
69
35
346
32
133
145
77
142
88
23
28
418
1
31
681
11
375
1078
8
264
83
172
196
211
100
27
90
293
3
26
127
63
106
1
34
99
5
19
778
92
111
1538
82
434
55
1210
1
228
3
378
91
31
356
1391
167
118
7
1
519
3
1
1
2
75
2
2
12
80
468
1
21
80
1
1
5
26
2506
4624
4
1
339
211
16
176
1051
159
1
133
51
1949
1
370
1
10
502
40
98
11
2
219
3297
12
4
13
6
844
202
24
29
17
324
27
11
39
1
95
15
1419
53
72
64
24
2
12
1914
106
2
10
41
31
93
115
84
1
63
351
129
1
18
216
27
37
547
1
820
1
1729
227
86
876
1
37
139
45
193
666
5
323
854
39
3
172
8947
540
1
1870
126
340
89
135
96
250
1
28
280
130
2
261
1
3
2
8
1
150
86
1
167
1303
168
3
7
6
691
162
21
84
348
2
1
4
28
10
34
214
18
3
288
2
2
19
122
200
252
445
76
2722
24
12
378
255
43
14
2
471
252
638
1
46
21
5
16
111
21
263
1
14
83
30
11
4
3
20
10
22
32
1
32
267
117
323
2
39
9
179
156
138
9
20
297
12
72
3
1
92
10
13
43
448
99
1
15
195
31
4
5
1
13
2836
29
38
1
4679
16
7
1
15
1
253
5
3
131
8
7
5
155
1
94
49
4
1
443
2
78
1146
1
11
4
50
5
8
3
10
6
11
2
16
21
1
7
43356
6
22
5
10
34
13
12
9
2
10
8
4
2
12
25003
50
46
65
2053
376
3021
602
74
882
424
536
1
183
91
9623
33
57
211
2
27
73
5
14
587
2
3688
110
3
624
1
6
5
1
59
131
852
6
4
10
84
65
24
92
3
12
1
56
246
533
113
1907
7
2313
53
157
50
116
82
49
275
85
1564
190
275
1
198
2039
148
185
1
77
2
1
1
202
352
7
104
3
14
5
7
1608
22
5410
1
89
2
1
14
24
319
4551
5
6
49
483
84
174
281
40
610
131
385
370
1
1
4
1
769
1
2207
237
882
54
2
8
1
11
197
381
206
40
4
15440
46
5
0
1
2
1
8
9
1
6
1
1
2
1096
2584
60
35
17
1
3
1
23
344
4257
792
1979
1
19
9
42
71
10771
3
21
1
214
29
15
6
1611
826
527
4
43
4
8
3128
1265
554
461
642
374
135
101
7
20
202
239
222
18
2
97
67
4
2
44
5
239
3
106
4689
181
152
431
11
188
1
3
67
937
214
40
20
1
2
1
1
258
3
32
19
58
438
408
485
6
4
3
101
1413
1
1
216
8
20
9
27
251
51
252
768
163
32
90
761
265
4
105
146
1
155
296
669
226
22
129
520
1
468
7
376
339
363
11
4076
213
554
4
5201
595
3
1
21
4
8
48
5
3016
2
9
81
485
287
3248
1265
2
111
611
247
903
87
279
55
10
106
152
46
163
3
64
30
2
1
16
0
30
1
1
152
286
306
415
2
54
240
9
35
1
167
574
5
28
1
47
23
6
10
292
84
6540
1083
14
2
37
1449
865
5
2607
1
240
7
140
2
207
652
32
3289
15
19
1511
9
117
557
1
1
170
87
236
67
58
196
8
2
5672
308
27
292
92
1112
167
94
49
8
1
205
1219
32
1
426
6030
1
1
1
1
602
207
881
4
157
5
62
45
18
104
12
2394
1
9
2
58
1415
8960
1
6115
857
373
853
77
417
815
235
27
173
453
5639
1
534
7709
2
194
141
1
1
11
20
117
25
313
6
463
1
1940
690
3
1
5
1
1
3630
2641
201
386
2
424
35
112
254
787
204
1075
158
1
55
650
1046
245
7
488
39
426
2
7
44
159
214
908
102
1421
1
197
99
8
611
2815
5
317
643
84
10659
1413
2296
589
2
27
2
2
167
1
3
22
152
72
1362
159
18
1
2
339
251
1750
11
274
71
1
31
57
2
7
8
10
165
16
10
56
61
19
1
1
1
5
7
51
14
4
3
25
1
1
2
22
24
37
19
2
1
3
49
1
150
71
3
3
1
40
4
1
82
17
286
223
39
399
17
1
105
1
2
2273
2
11
132
1
16
55
5
519
1
452
4158
1
2
1
2
21
833
3
2
62
1
7
1
1
1
1
1
2
19
12
1
133
1
4
335
1
59
100
67
14
282
2
2
6
2
1
1
2
8
204
1
1726
102
1
821
55
1
646
2
1
47
1
24
1932
120
159
222
62
37
40
8
6476
1
293
326
1
4
11
205
697
7
157
49
5543
9
1
12251
0
111
116
298
40
1500
210
100
731
6378
1111
786
151
188
729
14
2131
1787
43
1
1
1
208
124
113
3086
3
303
226
5
90
1061
361
424
2310
3
59
610
104
153
6973
487
813
1
2240
67
85
26
445
3990
245
2397
114
80
470
1
30
180
1
1096
2109
2105
509
52
131
2
704
12
3
7924
3217
8040
538
4
2
152
191
20
128
9
579
442
5
353
10
871
4
97
645
9759
9
7018
32
2
1
564
2870
4
387
1
12
8
58
16
1
450
699
14
7
10
61
12
1
1154
9
9742
1
2
124
3
7
16
30
1
1
7
1
8
25
54
27
1
5
20
16
5
15314
2
19
197
23
19
131
5
58
1055
31
306
348
6290
4
3
476
3
173
191
2
9
6
20
1
1
10
182
58
764
96
1
6
109
1054
1429
1
1
591
28
77
205
1029
1
99
1249
3
932
4496
2592
14
223
3487
4
57922
224968
3
220
768
1107
10076
2
302
29
353
68
162
711
1
2
1233
120
80
1
12
1
1
13
1
1
15
1844
38
9
1
8891
6
421
28
18
169
234
159
250
133
0
4522
537
10966
2
690
32
1
75
118
45
233
2073
1259
152
2
106
12
148
189
21
120
2757
1
53
1198
37
1
160
173
1
69
2
92
34
703
1801
123
472
21
34
13438
122
155
1
456
928
1
2
1
301
134
201
135
552
8
47
291
2
4
267
2
461
195
58
885
14
155
29
6
121
4
23
13
1
61
335
36
470
1
3
1
406
452
9
986
2
141
99
134
485
1
1
1
1691
1
1032
2
3
363
7
121
8198
59
176
79
69
218
43
1530
48
1
89
1541
368
17
1
12
596
36
2698
81
19
1
2
48
39
4
11
1
281
16
2
289
45
1
2252
1
358
13
3
826
1189
248
1
242
1510
6345
3
6
2
9
32485
65
5
1
20
4
2
2
2
6
43
5
89
2
2
10
11
1
15
28
4
4
30
4
1
5
3
5
21
3
91
2
36413
7
1602
1
1
6
3
3
1
1
1
151
543
4704
13482
16
1
5
11
3
2
2
1
1
1
5
134
2
1
15
2
11964
2
1
1
1
1
2
3
1
4
2
4
1
2
2
3
3
1
1
451
1421
36
267
3551
383
1057
4013
1
309
6
407
3
1
14
903
24613
321
1
2
9
2
18
1
2
1
3
78
1
1
4
4
5
1
4
2
2
2
1
2
5
6
2
2
43
3
1
1
2
2
1
2
1
1
79
1
1
1
1
59596
20923
1
14
5
48
2
5
1
2
1
5
2
3
17
92
7
3
4557
2
15969
2
1
80
17
20
14
1
1
24017
73
6660
5
1769
5083
18
6
254
7862
4739
14
1
4
10
979
461
21507
5
10243
14
44754
1384
314
1
2
252
5
7
9
90
1
478
641
2
2
1
6
1
2
319
1
2
1
1
177
189
870
8
12
925
43
1111
5
2
1
12
20
6
4
16
25
153
6
6181
1
246
2566
371
1
4
417
613
13
116
457
132
12
1
37
2
378
1
511
9
2
2
23
15
307
141
8
27
1
2770
2
2
129
7
74
0
24
11
546
1100
306
3
3
2
481
10
260
31
12
293
1286
77
430
159
53
21
38882
156
22
4
1
1
88574
2
206
20
1
11
23597
56
8
3
169
586
469
125
22
2
4721
217
5075
3
6
1
3449
22
2
3
0
1
1
1
9010
9
5419
4
13
1
2
55
428
26698
43
56
14
1
7
16
2
2
5937
2
8
4
5
1
103
1471
407
3337
162
0
2
29
2
3
1
3
406
6
4
134
1
8
163
7
689
21
59
8
982
213
2
20
3
10
41
65
443
12
45
43
1099
1238
306
1
677
667
8
25
123
191
376
58
59
1830
434
268
5
3
288
1389
36
237
231
423
39
144
195
656
110
1233
13
15
9
32
13
1562
225
26
1025
159
5
4
6
46
10
517
44
11
95
30
118
2
5
9
401
1
5
3
1
11
1581
434
1
91
124
276
281
72
22
98
1030
158
2681
11
103
99
56
219
170
11
42
541
60
535
603
167
961
1
1
6
1865
191
1
1
2878
1591
2839
1098
111
0
97
8
10
3
48
1
9
6
6
143
1
8
68
3
1
35
8
1
50
1
4
27
1
2
9358
729
89
2
5
271
9
167
103
140
4
193
18
4
3
1
138
1
52
40
3
4
71
40
8
0
2
10
83
51
44
1
42
2
1
4
8
1
17
7
703
248
2
4
3
1
12
5
35
626
17
1
1940
1
9622
1071
121
455
937
61
49
689
443
4222
622
407
435
56
266
133
6
2
2
1
2
1
946
236
46
3456
1
2
123
184
1812
116
1294
123
821
6
43
1
3
6
958
27
4
4
646
36
3
224
165
37
263
178
124
8
27
109
45
1
33
126
3
43
145
5200
68
118
4
1
1
23
103
336
292
394
2343
114
127
284
156
210
66
302
37
76
1
1
151
477
83
2
223
179
204
1021
24
172
41
158
656
2968
6
312
2
1487
6
279
52
3
442
1
60
37
518
153
27
49
115
3
2213
2548
59
301
60
2
3
121
2
1
5
216
15
15
433
433
158
149
21
42
412
42
745
1
19
33
35
5
29
8
1
12
1
227
246
3
1122
118
32
2101
1
17
321
190
780
2
746
495
632
2
546
2
160
5
8
2
1
4
6
171
3
45
1
52
392
112
2452
13
506
5
10
2
24
1683
1
42
2
1
1
634
1
1
1
1
1023
397
560
525
38
1
2
17
13
310
5
156
83
11
281
33
83
11
1
59
1026
2419
12
45
849
4882
25
1
765
81
41
3
100
415
639
306
1
1
0
1207
1
43
12
17
2
16
125
1714
59
2
72
802
1
117
150
224
26
1
2
1
1278
524
1136
205
238
100
63
2040
10
1
252
3
173
945
442
48
27
223
446
42
29
6
291
217
77
1437
66
150
303
140
424
976
307
388
1133
114
45
59
377
42
8
98
83
1
574
313
32
49
27
62
9
356
0
8
15
47
1
5
17
13
21
6
21
2
1
14
2
1
991
2
14
1
21
10
1
2
8
6
95
11
12
1
2
20
533
3
1
1
233
8
3
1
92
36
1
8
5
1
53
3
3010
5
99
4
4
6
1
1
3
1
16
105
8
103
28
77
27
216
1628
14
229
440
143
20
229
407
2
1522
972
99
5
1259
349
431
80
2
586
1
314
215
181
331
94
15
1591
1469
176
3
154
81
262
80
18
895
7
591
296
1916
61
139
802
8611
16
28
35
694
13
2189
528
33
863
144
9
25
2248
5
421
193
37
3329
12
7
1
309
1
1
262
35
1525
1367
573
256
2534
1118
301
536
79
2
11
373
372
1
103
4802
1914
10
928
715
14
32
3
3
3
50
8025
3240
596
355
18
1364
3
72
4828
1
21
273
100
251
173
588
58
210
959
13
66
79
176
1
6
459
21
55
4
189
1
713
267
73
11
136
3
9
41
4
2
48
2
1010
18
2
8
19
296
15
1
1
261
7
788
192
273
327
1
2
150
2
18
278
2
78
52
536
47
282
72
37
1696
37
10
76
1
10
0
3
1
1
1
220
2
1
3
136
502
1
267
32
471
48
83
1
4
1
9
7
1
27
14
3030
210
3915
146
5706
976
2422
27
6
2
2109
72
4
1
1179
3791
1
6
5
370
341
578
1080
1
694
602
5
389
433
8461
101
65
1102
61
8
44
451
749
30
45
1107
917
2084
1
2471
290
1
4
7
4482
3
3
4
1
4
1
1
1
2
2
5
2
1
1
39
15
8
2
1
604
1
1
5
4793
1
7
2
1
23
6
2
7
1
1
3
506
9
3
195
158
10565
44
474
14
173
91
103
96
81
180
12
413
613
425
6
5
804
15
1
19
36
474
27
13
4
5
1
266
224
5
720
904
382
862
2765
176
45
164
68
826
1
1
215
4
1740
2
3
24
2503
3057
1
1306
569
8
10483
1
50
8910
237
1364
1085
18
1
11
25
441
6
2
441
37
4
2285
6
8
185
122
15
16
160
320
71
5
47
3
1
782
863
999
22
1
7
180
276
787
1
7081
4
3
1
8278
4
1
1073
1
4
147
1
81
1
33
54
15
2
19
141
256
348
143
83
4
2252
590
1200
272
1
619
19
267
5
4
2194
1
73
5
10
691
3
1
1
5
59
37
0
20
7
103
44
2
4
18
17
77
1
795
7
1
3
190
8
1137
273
156
1
4
7
1887
23
44
34
4
88
47
1523
59
1
1429
16
174
145
83
460
642
78
5
107
1
48
164
1
410
3
2006
4
10
9
8
10
7
54
24
2
9
5
1
6
19
1
66
535
3
47
4
1
1
1
62
1
3
2
55
6
1
1259
575
136
1
30
1
1
227
17
2
18
5
1
193
1
69
8
648
17
13
1
1
8
41
5
1
4
2
1
1
5
103
99
3
314
33
4
4
52
283
15
114
470
10
5
284
12
1
1
44
2
2
1
2
37
2
18
10
12
6
68
1
2
3
7
76
5
76
2
2
1
8
2
18
7
293
1
3
1
1
209
14
13
24
20
2
1015
1
206
27
2
5
1
4
1
70
1
170
2
87
47
2
5
6
80
11
1279
69
1
169
31
9
1
4
740
93
30
48
4
5
1
2
7
1
1
8
31
136
18
3
182
14
1
1
1
1
1
1
140
10
37
14
1
1
13
10
1
92
1
1
3
115
6
1
23
128
29
3
1
1
1
5
1
5
32
95
1
2200
52
1
1
7
2
2
152
4
21
14
1
1
17
12
3
3
1
39
3
4
33
23
1
13
2
4
2
5
14
3
41
4
9
80
21
7
1
3
439
1
3
88
1
3
2
5
3
2
1
1
2
1
91
1
20
111
3
3
1
9
5
8
1
2
6
10
29
1
12
175
6
1
5
36
1
37
2
8
3
616
6
3508
6
35
2
7
6
2
1
1
1
10
325
10
10
1
22
18
2
12
1
3
7
1
1
1
1
42
21
1
4
4
4
14
2
1
1
1
122
14
20
3
12
1
1
1
1
1
3
1
1
2
81
1
1
9
4
41
1
62
1
2
2
7
1
1
5
2
1
1
1
1
8
3
5
14
5
17
109
1
1
4
4
1
50
6
67
1
1
2
1
1
14
2
3
2
1
1
1
2
3
2
1
6
377
15
2
1
1
1
4
1
1
1
7
7
18
1
4
1
1
3
1
10
18
8
7
104
1
6
1
23
2
4
83
2
2
2
15
35
1
2
1
4
3
1
1
1
1
1
1
3
2
1
1
4
1
4
49
16
1
61
9
228
2
2
6
15
5
1
9
1
16
1
5
2
4
1
1
2
1
9
1
42
6
6
1
2
1
1
1
115
200
1
13
1
36
9
74
1
55
4
1
4
2
1
20
1
2
53
1
1
1
2
34
770
18
79
8
3
2
54
306
1
1
1
43
2
1
72
3
1
1
1
4
5
4
60
1
1
1
189
1
1
26
1
0
27
45
238
28
12
6
35
591
209
3
3
18
10
2
1
4
3
7
12
2
17
11
4
1
5
1
17
2
2
4
17
12
4
3
64
1
2
1
1
2
2678
1
3
2
40
22
1
2
3
91
1
3
1
8
1
18
340
1
1
5
1
1
1
1
26
307
1
8
1
259
3
1
2
1
2
1
39
1
1
51
6
65
1
1
2
3
1
24
3
2
3
1
2
1
1
1
33
1
1
1
5
88
13
5
174
3
195
3
15
28
11
1
1
1
379
1
225
103
2
3
106
1
1
3
1
3
20
11
4
1
7
10
1
3
8
1
55
14
2
139
2
41
1
1
3
1
163
1
1
1
14
1
133
1
2
2
17
163
100
17
54
520
1
3
1
7
153
8
2
3
3
119
3925
5
1
6003
1819
70
139
204
121
169
2
31
231
14
1594
1234
3
972
2
7
1384
602
115
2
54
2
73
7
3
2
1
63
2
4
2
30
324
746
43
3
19
30
481
605
14
203
460
1
1
4
4
9
1
119
2
29
2
74
71
419
1143
397
26
27
1
13
230
68
211
31
6
1
1
58
165
7
5322
2
131
16
2
1
1
1
5
323
26
478
1
9
35
1
14
9
32
166
155
1
1649
1596
301
117
10
1
7
65
9
35
41
1
1
2
9
17
3
367
31
1
2
69
6
3
7
130
220
308
2
29
2
375
23
20
7
159
375
902
59
12
215
15
1
6
8
1256
9
548
129
26
9
116
48
11
2556
3381
14
2520
7
13
1
4
20
1
1
3
3
3
5
1
108
3
128
1
1248
492
379
89
356
22
1164
227
1507
1
4073
2470
7155
1299
7210
1974
6
5
1
1
8
140
185
14
1
173
1
72
4
168
3
52
438
217
9
1591
204
3880
1
1
1667
1381
25652
102
3
21
3
1247
2
3
1
203
1154
42
18
18
4
1
1
2
1
9005
7
1
229
1837
1
1
1096
4
447
1
768
5
311
1856
1084
37
1144
10
106
27
51
305
27
303
2
11
1574
239
275
122
19
910
4
1025
1
2115
77
1264
253
6149
4
59
758
16
1333
2
895
17
2
122
238
381
9
21
71
1609
2
47
3
20
2
192
155
55
184
33
5
4
72
183
145
12
82
197
30
647
24
1
604
9
1641
3
2
1110
334
29
171
37
1485
1
1056394
24
1064
140
1
6
63
87
226
55
15
767
1819
77
42
426
1
510
34
72
99
67
125
178
31
34
1021
29
2
338
1071
2168
22
77
3
122
306
54
206
45
12
1
907
175
14
207
378
21
33
65
6
241
42
361
1
12
61
984
48
230
2
48
512
80
3
13
2274
3
3
39
142
389
2138
445
3
235
2
379
3
1557
722
1318
5
3
163
13
410
9
495
71
15
731
1
1
3
1
10
174
6
3
97
246
1720
527
166
380
265
48
1036
244
113
4
162
9
2
25
411
109
875
82
1191
319
24
50
1208
3
316
342
13
1
986
2
61
1333
31
6
2
1
7
69
63
23
196
64
8
309
3
764
265
35
31
106
4
20
6
2
1
182
405
367
328
1
122
214
124
2401
476
64
388
17
54
1972
8
408
1
50
830
220
1
383
420
23
41
17
13
186
11
85
287
160
2
1
2
20
1
3975
1
1
2
583
804
803
3086
338
481
2228
332
1382
1889
540
3
99
232
2
27
549
82
24
79
665
306
33
654
41
178
84
1202
4
1361
1
11
14
1007
2
5253
1794
153
597
1111
1951
6
2
397
474
1
1265
1351
1
56
40
478
126
2485
1005
229
57
1
758
1333
60
2
1073
98
143
147
740
88
285
175
75
243
498
68
241
816
3
2
1
205
265
503
2394
6
547
160
641
82
78
1
545
4
769
45
103
4612
843
63
1
2
242
128
1
3
3083
3
6
1
583
10
200
26
2
79
1
103
1
74
35
6276
3
2
12
547
184
16497
1
44
60
157
393
554
4
196
541
272
213
274
2
100
385
1
20
188
1107
8
726
1047
197
215
3295
372
927
908
160
19
28
24
3046
2
60
4
707
2
549
176
251
386
122
249
292
120
2
9
25
96
140
57
7
533
69
191
162
55
798
5
3
263
75
88
1
24
247
1
46
4
5
173
549
147
515
619
1087
115
3
5
210
4
3149
13
82
840
262
259
76
10
479
120
67
540
3
15
1
1
8373
2
1304
1490
372
1
6
131
3
218
20
592
610
16
1838
1184
72
74
3283
56
124
20
92
120
141
10
21
7
97
37
628
3
51
160
73
116
226
18
137
371
3
2
2
843
1646
5
4
24
1
1
2
35
108
1
180
176
90
11
23
29
1
1
1
194
1
22
134
1
61
2
3
215
1340
31
429
6
1
9
110
8
1
313
31
1
1
1
11
52
1
21
19
444
7
89
593
2447
2
1883
79
1
2
1223
302
1776
1
4
2
8892
56
1098
193
266
5
293
950
169
4
192
1
4
119
1
57
2020
402
578
519
511
557
1
7
162
697
85
132
271
225
342
861
164
41
4
1011
124
1400
1
42
17
1
99
2
9
32
4
2
11
1
1
150
4
15
1
107
509
236
1
1265
228
3
115
12
9
4
43
542
767
106
18
115
42
182
2
71
6
978
100
30
236
143
32
219
253
439
13
510
6
7210
422
12
2471
21
1
44
332
7
80
2
93
96
94
167
190
1079
25
1403
287
36
376
581
5429
1735
3527
537
43
28
1684
24
2
1699
6
87
2
8
118
260
0
337
378
1
122
10
1032
1
7
203
1
3
251
65
97
729
1
18
1508
1946
197
541
2
114
81
21
185
137
7
56
19
4
2044
270
1192
484
2402
2804
873
1890
387
1727
849
664
2242
290
47
4181
2704
454
1006
1191
896
1
758
761
1
1118
3404
539
2133
3
12
897
1469
1
98
363
1
749
1533
2249
1720
1
268
269
645
1
329
1397
668
610
616
2298
1279
141
1
533
863
1443
2
689
817
3443
648
552
1275
2614
1103
1149
22
599
3439
2363
3
487
2881
1
746
905
106
1040
377
466
467
388
9
1522
1
2440
4
3057
2201
2
1415
197
972
2326
2
1
257
0
253
3
42
5
131
2050
26
12
1
1
1
77
14
612
1
624
129
1
1528
706
92
36
1776
1162
912
230
823
245
2
865
1485
5
15
7
67
226
5
6
1
1
2
52
38
39394
10489
33647
25490
56640
16595
13659
29052
6122
41040
4975
20274
9585
17024
315620
1
5
24
16
8
9
87
4
15
58
5
22
57
195
10
3
3
3
5
72
271
229
57
466
294
1
5
5
6772
18
1
5
1
1
4
5
141
1566
2
1537
28
7
7
12
7
1
3
4
5
2
2
15
2
1
5
5
1
9627
5
373
581
168
306
221
4158
208
68
231
148
268
2
229
484
419
896
2356
404
1
1
477
284
55
4949
3
2431
545
26
57
17
1
220
83
256
90
124
63
3
23
139
459
5
71
1
2
2
164
0
48
3
1
1
7
2
2
13
7
1
1
1
9
1
1
6
10
184
189
202
2525
1808
343
1
3039
175
692
3
2065
130
6
38
310
2
12
1
51
691
52
21
6
387
1
22
3
7
659
2
1
15
1
53
1157
1
69
160
360
195
4
134
1
237
46
180
930
72
32
241
8
18
1834
2
314
14
255
3
1
19
508
796
732
8
1
11
2653
10
3
12
3541
7
8
1
2
84
1
2
450
6
7
10
4
2537
3527
3
836
27
5186
710
2
1
33
980
18
63
0
90
3
428
1
91
359
133
344
100
108
6
1
11
2
5
4
555
5
315
283
4
2
2
3
3
1
4
1
26
1
48
1
556
3
1
1
1
90
182
344
1
2845
2401
363
585
8
2284
28
49
250
493
44
3808
409
521
1640
67
867
739
602
795
125
7
43
2
2
2
372
314
340
472
18241
11
14
1
3
2
1
64
80
132
246
205
2750
253
34
78
32
206
168
5
2
2
73
3
2
93
972
12
2
8
3
13
1
113
1744
38190
67
2
39
2
4201
78
14
78
1
77
23
51
96
1285
1
55
8
2631
7
29
14
4587
176
35779
38
36
929
97
23
177
8
119
2
1
105
4
794
842
11
17
652
68
1
1
1937
118
45
73
91
22
35
2
2
22
30
5
8
11
52
26
284
104
3
11
4
444
423
639
1697
1230
1157
174
448
1293
1
651
1131
1
450
31
3
237
366
40
558
5
12
121
75737
173
46
1
2
482
141
318
658
1
1
137
282
527
3048
665
5
4
301
105
110
171
2082
211
121
394
1
161
1
16
6
283
134
2
21
1
7
1
3284
2308
2007
1961
3462
2677
1759
9463
14
4
5016
1
1
3011
6
1277
1608
584
15
3702
180
7284
215
21
361
1716
1
1
113
525
325
1622
2399
1971
1199
1
5035
29
1024
1691
3
5
664
2037
1647
1698
7106
1
6
5590
3545
2
684
1991
1238
1677
9831
1
4282
1523
1425
1520
1
1089
34
42
2904
6757
125
6
52
76
84
535
75
1
384
127
453
1965
2
534
1
13
85
65
1777
27
736
2
1
66
106
50
52
83
103
184
303
235
970
1074
1
3437
151
63
136
1469
1
1
199
7
287
466
119
331
143
5
1
23
1
73
81
1
508
1
155
606
73
104
1128
33
853
16
853
823
67
3544
105
792
464
2
107
4
739
72
9
109
347
20
712
825
7
24
122
29
775
340
621
970
205
130
13
503
219
207
460
558
291
69
229
119
8
162
115
5
2980
2
96
305
30
2
1645
140
5897
364
6
2
272
448
32
21
13
8
1087
76
453
7
184
7445
284
569
2242
332
44
103
180
192
2
1192
1248
12
4
1
108
272
1
144
3715
1
1
2
1
100
1
19
15
186
946
2
1
483
1
323
1
1
28
2
285
4157
5
701
2
302
631
436
321
3
1375
105
45
257
48
1645
216
8770
1
2
3
177
304
120
1215
942
8
2746
138
63
21
1189
968
143
155
88
205
12910
5188
21
577
6910
2
5145
110
18
11
1425
10
3050
2322
43
2218
127
3635
10247
1
13000
43
1678
1707
7
3
1131
1407
16
4
2
8
2
7
3
22
1
31
18
8
1
16
10
3
837
1
98
1
1138
1
21
1061
3
2
6
10
70
1
22
1
187
1
25
1
1
43
2
34
1
15
11
87
32
3
1
120
408
36317
52
1
1
1
5
3
4
2
8
3
244
1
1
2
2
1
4
1
2
8
311
3
31
1
1
2
2
27
7
25
2
5
1228
14
15
14
80
184
180
15
55
80
1
665
15
1020
68
15
25
113
87
1
151
287
148
1
21
1
1023
323
215
706
31
170
15
11
491
48
571
138
724
2
1
1
556
44
544
6167
614
7
68
30
20
3
947
30
57
2
9
213
11
30
144
12
3
7738
3
5
2
1
4
956
1560
1928
219
72
665
1524
526
816
55
1175
87
281
39
6316
81
1589
117
355
852
850
478
2
347
981
0
480
188
1
254
209
90
1
15
387
15
161
237
501
3
1
1
526
45
1
3
72
1
4204
495
324
230
650
11953
42519
7
8691
721
1299
417
21
45
795
122
100
94
457
196
11
402
140
18
116
40
93
249
125
1825
1350
1032
14
184
40
126
721
1
2607
880
9
1431
495
495
74
881
18
384
1
444
34
409
374
275
425
293
2209
156
1387
445
323
723
26
2
534
319
1279
103
556
546
453
5
255
3
251
5
124
1861
1
3
404
248
1
4
951
176
23
5
40
6
396
3
41
1
5
13
1402
1
2
394
7965
148
2
512
7
125
5
63
10
85
2947
105
2
72
1260
5
627
257
1662
940
1
2977
150
3
1112
11
241
130
10
129
1
197
231
1439
1
3678
14
1
1
2
2
1
611
196
5
2
333
5
1
560
393
67
21
3
361
1
1
919
6
1
7
2
1
15
1
1
5
1
1
1
1
1
3
10
2
170
7
2
1
3
2
1
1
2
1
2
1
1
2
2
8
4
33
637
7
4
35
1
5
10
9
3
2
4
1
1
9
1
10
1
2
6
101
1
1
2
1
1
2
1
6
3
2
14
1
2
1
3
4
1
96
377
24
251
493
540
451
426
1416
604
238
213
1436
475
108
3
434
1
309
637
24
12
17
3621
1676
1
1
1
3
4
94
21
404
134
5
23
197
7
6
58
5045
2422
6
63
142
1
1
428
2
1
259
302
1
267
1600
2344
252
510
17
2
9
1
1
2
5
1
2
225
16
234
1
2
361
256
413
3
142
770
14
59
78
73
13
25
179
126
2
308
1
12
23
1218
536
1
1
1185
1
17333
11
7
1
51
25
16
498
168
108
270
88655
330
1
13
2
18
1
24
5143
3
9
312
7
5
4
91
204
116
80
3
289
22
2
23
719
1449
3
4
800
955
206
1
11
189
5894
5
4
4
958
11
2643
10
516
7849
2500
41
1
1
561
2
4
39
3
670
265
302
1257
35
32
229
77
59
1
34
9
425
70
400
83
18
52
19
2
6
35
6
5840
47
12
276
49
4
159
209
51
1
2
33
13
36
9
18
81
999
2
44
6
111
1
6
17
487
26
5456
26
2
337
5
640
10499
8
64
488
85
5
477
7
216
1
118
2
63
412
48
1
92
444
2
55
228
2
5
6
1
2
50
34
591
9
1796
39
661
50
621
327
1532
339
41
699
10
235
22
27
77
22
20
5
8
5
268
225
3059
2723
7
2
21
1
108
228
1734
2
14
2
1
138
1
1
1
11
5
3
4
1
2
1
120
88
8
1521
60
66
52
173
650
494
195
2
463
53
1
147
2172
87
4682
4246
709
85
9
4
258
973
1620
23
5
2918
20
2
37
507
1
90
1
34
1
2
1
13
3
159
3
542
123
140
492
67
473
9
145
13736
1
12
5
2456
1602
1599
253
1318
13
5281
7
573
14
1007
150
70
603
242
11
1677
3
1
6
2
8
117
5
1
2
214
136
16
1150
26
10
2
2
1
43
193
4
2
288
42
24
294
29
95
1
1
1537
0
1070
425
2
14318
89
2706
439
9732
235
341
3
12
91
7
373
4
1
281
832
203
4
11
176
238
579
547
966
1558
155
79
821
98
913
4
1
208
12
343
2
1
405
196
2
29
5886
3
1
22
94
231
29
2
39
37
2
194
5
646
25
65
1
198
103
101
99
1
6
762
49
1
1193
1
194
611
54
54
11
40
119
74
22
112
224
353
109
202
72
74
53
2309
3943
5393
233
1947
149
25
95
1056
106
163
1
6658
1
1
1
1
22
187
2
1
3
1
163
2
405
13
1
92
187
101
95
1
1357
168
344
2911
412
58
1
5
412
89
674
5
1
1
17
1106
289
69
18
676
1473
81
672
5065
1
945
93
2154
2311
1
5
1
1
737
35
83
3
95
13
146
747
1
7
92
92
424
2808
1760
205
1196
2934
530
1
353
3993
785
2
1405
173
145
472
3215
44
104
1
642
156
107
354
8
14
178
89
34
46
45
184
3339
255
396
814
70
105
6
1
50
156
258
191
1
459
424
111
707
556
1306
46
152
58
19
470
5
2
483
39
19
763
268
9
206
1
273
242
1
144
118
181
143
57
7
209
41
524
346
167
1
130
119
180
1
4
1133
95
23
462
23
519
490
389
16
176
66
1
1
295
27
65
75
132
23
118
1288
177
144
72
1
2
485
2
1665
18
3
50
20
2
520
217
67
79
154
71
89
44
11
59
1
877
734
230
219
1430
4
10
33
1
5
134
3
1240
71
14
3
1
46
802
21
39
11
7
2
1
1
4
4
12
109
10
2
7
1
674
26
508
1402
260
1
37
597
30
56
119
1
148
75
899
2
526
29
65
4
8
0
8
1
414
6
12
9
1
12
119
272
147
1
6
161
1
95
99
1
21
85
14
374
21
1
38
175
15
6
7
308
87
1
1
85
4
448
1
73
70
2
3
174
79
323
1657
243
1
2
177
432
18
180
16
3
62
3
1
17
471
86
605
71
211
24
8
79
3
0
2
1
167
2059
815
9
68
302
31
212
14
1
149
94
322
305
530
7
40
12
4
17
48
1
14
17
689
113
1
4
123
6
14
2
130
1
85
28
107
9
49
63
2
646
7
3
135
3
12
50
100
923
31
610
1
1475
534
471
1
83
2
15862
61
372
237
2
126
9
127
112
18451
2275
287
2
97
4
193
24
3
1023
93
976
3
153
2910
94
96
48
301
4
15
141
27
195
100
208
248
26
1
222
642
670
172
429
123
1345
1142
111
447
47
197
104
2632
666
212
7
321
451
4
16
599
65
37
3
405
338
215
595
1406
811
3817
1620
1026
278
1160
348
4
830
1179
1807
977
692
1136
1935
148
838
5
2084
88
2
332
250
516
831
4
525
183
1149
2046
330
608
163
14
634
1240
2
89
20
51
5939
103
80
102
369
760
563
354
952
2
12
495
5
1
140
48
60
2
526
18
16
7
109
50
1
3
2
10
11
28
10
1
2417
817
380
3
158
65
102
1368
4
2
152
238
1043
3
1
1290
31
20
335
10
1918
23910
4
1
125
3
24
5
9
6
2
1
4
5814
117
2728
2736
541
24811
2146
2
694
1187
160
2208
23
10
1
1297
4
193
93
12
126
39
425
133
10119
46
19
107
3
8
193
842
162
1316
595
29
1283
774
302
5403
117
339
128
3
43
479
2313
51
15
245
2657
183
109
1
72
1
8
358
284
11
95
63
17
3
3
642
4
111
3
96
2
17
23
113
13
3
1348
423
141
299
1
294
573
303
1966
8
11
777
7
836
550
9
3092
5
190
2256
240
126
109
46
344
1685
309
1234
2
3
3
1
683
996
49
1
167
281
168
327
456
163
1245
165
58
242
1151
817
216
3
1
12
1
11161
90
1403
59
552
3
161
1
22
46
1
1
69
525
168
1
53
9210
1195
434
1
839
1403
5168
29
152
37
2140
2
9
599
74
585
1
131
553
23
1
10
91
1
78
4
15
1596
122
1
131
167
195
70
81
10
33
48
24
2
630
188
141
0
1041
5
1805
3
247
3
10362
18
26
1
647
56
235
548
40
4
61
441
1
4053
2
2
5
950
3299
268
4
1021
2330
269
794
4
5
77
152
73
4
164
1
12
1
190
88
64
545
44
35
40
118
118
5
7527
548
1129
770
1024
7
1159
2
1
14414
338
1
1442
26033
178
1
2312
432
2
3
219
1
2
185
420
444
1815
23
1408
4
2
119
783
29
12
1
1
326
1
4
46
4
2
20
6
8
168
262
1248
22360
43
16
2
16
1
10
14
4
1
56
22
1051
17
79
9
5
1
11
2
1
52
85
1
4
60
5
50
104
673
2156
356
2
1
2
26
547
14
325
6700
5
27
1998
348
1
1579
948
9724
2520
319
2
1
37209
6549
63
4186
4457
2770
1678
3352
4106
19
3043
63
2
1
5
1
12
1417
1
2512
858
2
918
1430
1401
3793
571
3158
4488
5
1251
4074
1513
1046
2228
1
945
807
5
18
10502
1
4
2474
816
1717
1498
8
21
1
558
3346
1123
357
1829
921
1105
86
900
972
1
262
11
658
88
331
4
187
856
184
2191
108
253
1435
46
30
3
1
1
345
75
234
363
4
5
1
95
427
3
7128
30
4
23
6
3
55
2
257
182
64
3
126
23
406
153
5
51
80158
35
2
10
2
52
1
1
17
3
2910
67
812
33
2
4316
1
148
99
133
996
2378
3685
1
2
1
6
1
1360
4
155
1486
9
43
110
3
1
174
3
91
61
861
16
394
1
1
194
43
6
1
1
12
1
98
212
2
3
187
1691
947
258
4834
7183
9
2
114
987
1081
536
4063
696
777
1
1784
553
7
95
741
1570
1894
132
9
1
1550
3272
59
644
1
17
464
2
1
181
527
158
128
195
1
2
3
526
7
746
50
2
185
59
73
11
73
12
922
114
5
1691
325
144
1655
191
23
6673
4
19
3
670
2
1
733
54
197
150
328
337
213
1290
460
6
3
468
1328
743
217
91
889
8
137
19
57
16
134
4554
1280
3
178
1255
1
745
2
5
472
387
78
165
3
1108
141
494
2629
91
12
1049
1489
32
66
489
1
323
66
1
1
6
1
1
6
1
20
1575
620
29
280
1
31
32
4
1
1
1052
221
32
846
144
183
3
1
932
256
194
1031
4
1112
155
109
3
99
2980
25
264
370
521
10
15
77
44
376
393
42
94
168
949
9067
1
53
1
2
240
124
617
27099
838
938
1
14
892
9625
16
2
6
4597
936
2
284
255
239
2062
5
1
57
586
174
33
107
160
165
123
4
9
696
1
324
14
24
3993
4
2
3236
1406
4662
1
2
81
22
18
183
59
10
731
3
1767
25
448
5
8681
25938
91
161
1677
511
75
1
166
868
443
73
4
1867
996
8
2
82
11
447
90
294
94
15
139
243
3
1
46
90
9
5
4
24
23
5
1
2
1922
706
168
149
1
34
10
4
1
2
1
10
1
3
308
1
3
8
1
8
52
8
1
10
8
4
18
3
109
4
62
44
5
83
8
9
4
53
2
188
5
9100
266
1918
4
1
394
8811
1649
971
36
301
1289
21
2
361
3797
1
7
267
606
416
6
414
332
1
534
43
311
194
88
4341
4
396
1077
66
1909
2
450
26982
34
1525
79
768
8003
1639
993
382
201
361
11
11066
29
271
1250
735
296
1
173
45
651
24
349
1353
19
1330
161
5048
31
1
1
11740
1235
1
20
1
621
2
6
1
1
121
1565
2
1
5
111
2907
525
3
16
215
108
15
25
3
853
339
891
3
2
349
8
102
192
319
119
6
263
32
1373
11
350
2682
179
3
609
164
112
6
9
41
4741
1
6
13
3
711
173
66
3
84
19
404
84
609
667
467
121
30
1
70
82
46
72
46
23
1
25
8
293
11
127
1
754
831
2
776
2934
8
41
94
41
833
1093
2
424
152
4288
2566
135
5058
1214
643
1530
507
1446
1
94
1421
5
299
60
8
1
1
1
14
61
1
452
221
108
126
676
36
25
1
64
660
114
65
67
2
127
41
4
1
9
1826
196
53
11
3
33
5
141
51
96
1
9
3
5
4421
65
122
159
4
9
11
2
106
40
1083
144
126
2295
3
26
290
13
8918
748
25
261
9
165
1
38
2
363
1
4
2
346
7
47
1
3
22
1
42
8
77
305
239
407
392
3717
9
111
155
605
1
238
6
18
315
10
6
1
204
1
212
2866
475
1749
39
510
601
289
11
11
354
4
335
91
875
662
225
10
19
15
98
1334
120
370
3
145
344
580
349
187
3
65
7
1
2
1
2
2
1
9
1
1
6
1
1
2
5
1
27
1
4
1
2
3
3
17
1
4
6
2
1
2
2
1
1
1
2
8
1
26
1
6
1
2
1
4
1
11
2
2
1
1
4
5
1
2
17
2
1
2
11
2
2
1
1
1
1
5
9
4
1
1
2
3
5
1
1
4
1
1
6
1
1
2
1
1
5
1
5
2
2
1
3
1
27
1
4
1
0
10
13
1
6
2
49
1
10
1
5
8
1
1
1
1
2
1
1
4
1
1
1
1
1
1
1
4
1
1
1
3
3
1
8
1
2
3
2
5
3
0
1
1
6
1
1
6
4
2
26
40
3
1
3
1
1
2
1
335
1
995
243
1
1
131
1340
8
544
101
98
789
29
613
23
107
147
282
539
460
146
2
39
14
346
113
343
189
85
187
2
160
171
44
1233
189
288
9
1
297
49
166
58
1886
307
1
117
1775
70
7
117
497
699
5
193
1746
30
15
7
2
988
22
911
13
1396
1
598
499
38
167
1
13
453
27
133
9
161
52
154
381
104
128
176
190
328
1121
2
279
1116
1512
97
3
1
111
426
449
1749
586
1
1
290
20
2949
1
5
5
1
2
1
1
2
1
1
2
1
2
1
1
1
1
1
1
1
1
1
1
2
1
1
2
2
1
4
1
1
1
1
3
1
1
4
3
1
1
1
1
1
3
1
1
3
1
13
1
1
4
2
1
1
2
8
1
1
1
10
1
1
1
2
6
7
3
5
1
2
1
1
1
4
1
3
2
1
4
11
20
1
1
7
3
1
2
1
2
2
3
15
2668
61
345
27
1925
2910
21
28
4754
2
1
92
14
29
1
1
1
16
1223
261
1005
2570
1
10
1058
120
832
2991
33
187
2
1
1664
8147
28
423
3
246
1
9
762
13286
14308
1
40
2
7
20
83
7
56018
2
17
1
41060
10
3
17
167
2
18
1
1
2
1
2
3
1
2
5
117
3
1
3
2
2
60679
62599
8
1
2
22
9
3
8
5
4
1
2
131
52
6
6
1
271
2
8
51552
354
13
14545
1
1
2
1
18
12077
8
4
1
5
11
18
4
11
2
3
2
16
16
1
3
4
3
3
7
305
123
1
18
16731
12092
1
2
85
6
2
7
35291
1
1
3
7
70973
2
30
7
2
3
3
0
2
4
23
7
1
3
7
9
1
2
1
8
3
9
4
31
1
12
3
1
10
5
5
6
1
13
4
2
1
2
1
8
8
2
35
1
6
10
14
1
6
5
1
4
13
0
1
1
29
4
273
1
2
2
0
2
22
15
28
9
2
15342
755
6
4
1
14
4
7
3
1
3
32
1
1
69830
12248
4
0
1
1
1
1
1
24
8
1
1
2
1
1
1
4
7
1
2
1
3
1
8
11
27998
11
56
24
8
20779
2271
6
1
42
5
2
1
2
2
12
47588
46114
2
6670
1
3724
2
1
10
9
1
2
1
24
33077
23921
53
1
5
46416
2
1
1
2
1
1
17
3
1
40810
3
6
33
3
2
1
1
24
2
9
76486
104
44
3
3
1
2
1
29
3
7
17
1
1
35767
36956
2
1
2
5
2
1
17
6
2
16
13770
12818
1
10160
2
1
4
12
1
7
1
3
88
3
1
1
1
2
2
1
2
1
2
2
42720
18475
3
1
1
3
5
3
17071
16804
312
1
1
1
5
1
42
1
4
14
2
1
26573
12889
5
5
4
186
6
19
35712
35
2
55
3
6
6
18
1
1
2
4
14
7
4
96
203
4
2
1
5
14
54599
10
203
2
22
1
9
3
2
7
0
4
3
1
4
5
1
5
1
2
35843
27842
2
1
18
1
1
1
4
2
1
8
1
1
66
2
3
32
9
3
3
3
1
5470
1
3
1
2
3
89
1
1
1
1
1
2
9
11
0
1
1
5
8
3
6
1
7
3
9
1
2
1
1
0
29
3
122
23879
2
2
24326
1
1
2
8
8
29214
1
125
32
56425
43755
3
700
2671
63
1095
15
102
353
679
10
410
363
218
285
1
18134
47
3
1
22064
4
50551
8
1
9
3
22
16
1
3
25332
11
2
50793
9
3
1
24583
31698
8
56
9
14
2
8
11
5
1
1
1
1
35
1
2
1
143
68784
3
24919
5
33
62434
1
4
61
1
39900
1328
2
14
1
104584
37267
11
1
3
30718
31
12
50546
4
1
60
64402
2
108
9
46813
1
2
5076
5
4
4
1
2
5
34595
56824
1
5
30
2
1
72
2
1713
4
3
6
4
29
2
3
1
33339
36
24552
2
1
1
2
1
5
1
48
154
4
4
7
98
459
11
3
34533
36388
3
2
2
3
6
1
5
3
14
2
1
2
2
1
3
1
2
2
3
14
4
7
1
1
1
124
1
1
13
4
10116
4
3
1
1
2
1
33618
16
99633
62
369
19
127
896
157
1
535
21
12
2
4
4
13
7
71
19
1
31842
58
56
20
1
33
3
4
129794
3
15
2
9
9422
4
11293
279
1
14
1
2
4
1
1
4
1
4
6
1
6
1
4
43
66
50
360
396
14
124
1
93
143
9
6
58
333
2
2155
233
3
3388
733
128
145
15
1595
264
3859
2120
1017
520
670
138
1060
6
102
35
1004
5534
6475
2
1
86
27525
74
3782
1
3
6
2
2
184
7
2
16
1
389
4440
6691
938
135
4
184
258
561
21
1
5085
2722
8
7
2
595
10
136
136
2
52
1502
2
5770
95
4
2
0
1252
1
74
85
1
1004
1
618
1201
371
1
1
5
190
1
9
16
3
249
43
32
94
14
2201
916
2952
34
139
75
6
648
1
5
1
123
86
1122
2
1413
142
1
756
1
64
81
555
1004
7
58
5
5
414
3
1061
5
402
4
3
181
2
5
602
270
238
247
760
4863
4073
35
1
1
299
30
22
3
3
35
1
111
5
215
48
146
118
5
87
401
11
1491
17
47
89
171
1380
494
91
1389
128
57
29
2
74
1143
501
473
56
10
658
5943
90
899
1765
8
971
328
10
28
11
8
270
50
3
730
65
1
1
158
2798
148
167
36
1
9
4085
28
37
70
1
56
6176
1019
546
241
216
297
246
522
142
926
614
216
425
233
160
50
1
7
5
67
10
2
2
436
2145
998
190
10
437
1
1
221
21
10
863
51
140
6
136
3
39
7
106
5
1
1
1
1
5
5
890
876
7
733
136
409
202
7
638
47
2
186
3
129
272
1
14
10
3
156
313
8
59
3341
4
1
185
10
56
432
3
69
1
719
838
319
3544
1222
1002
194
464
558
161
1283
492
547
1
3
134
3
39
0
2943
552
1977
626
10
8
73
308
51
421
793
49
2
216
418
89
147
10
183
50
1825
9
241
13
2955
4726
1
4510
1
5615
26
1126
274
15
970
180
1
201
116
914
1819
242
1165
42
11
33
3
197
2359
147
2
228
5
14572
43
4
4
11
30
0
0
4
7
54
153
7
4
11
1
4
14
1
37
398
793
70
668
3106
307
16
248
990
119
57
48
2840
30
1649
1
1
25
422
8982
44
3
1
1
1
15
3
844
166
96
35917
63
54
124
34
3
12198
141
49
308
13
540
1
40
1260
1
1239
1446
330
7
4
81
1
1
284
3
462
233
145
128
202
1
1
100
218
22
23
24788
16
1
131
56
2313
415
304
2837
471
8
59
266
156
72
1
2
92
1
2
4
1
2
15
1
3
2
3
1
1137
5
12
1303
32
877
96
3494
3
7
3349
5985
333
347
3953
2603
117
95
86
3
8739
71
1
3675
752
742
96
933
40
6
193
306
1
1
1
10
160
166
6
20
528
36
1
1329
26
1195
44
12
9
24
36
37
14
290
172
104
110
7
2
48
39
3
4
21
385
353
1772
46
36
305
46
51
64
43
106
1
5
571
74
164
166
2
1
1
1
1
48
2
166
17
1
106
1
3
465
2
10
132
1
7
136
2
1
66
132
375
75
68
530
1092
244
28
1007
78
1
120
1
880
53
81
303
16
1
33
431
2
2
1
2
396
66
161
1026
451
2
2
131
26
635
189
2236
3
9
45
375
7
20
32
220
140
98
17
319
43
424
1178
25
44
28
355
2637
1
431
912
53
196
1913
525
5
661
1297
1
252
3
1
774
1
1685
1
1
63
69
6
74
29
451
309
510
33
22
8
66
22
1
82
11
42
3
4
8
53
1413
646
10
9
11
35
2
1
544
100
7
13
1
1
1
137
117
48
1
104
518
524
28
193
7
2
1
3
23
33
45
64
1
41
8
46
5
1102
203
140
280
1543
42
1
98
2
1
192
342
5
194
1
74
501
12
55
84
655
2
97
74
172
117
2
16
3984
12
3
46
219
1
12
614
4032
123
637
430
157
5
148
19
56
36
179
3644
14
120
71
1
4
19
21
109
5
2
63
1
1
23
164
4
18
325
2
1
528
133
5
5
408
190
58
11
40
4
486
1
1
265
26
33
4
152
144
11
15
261
69
125
164
554
574
24
82
60
54
132
2
15
390
174
185
351
22
161
22
159
1
472
112
379
32
395
7
1
160
132
49
67
3
37
41
14
3
148
81
942
104
1
651
96
180
105
72
1
82
42
1037
57
10
1
111
533
773
100
1639
452
124
11
1419
548
127
2
34
149
10
878
64
70
235
40
4
49
2
25
1
31
53
4
287
1625
2
103
3
1
2
126
6
2
565
3
1
1
195
4
1
7
8
732
2
123
85
12
25
1
5
1
1
75
3
104
76
41
154
1
463
15
85
194
748
1
40
1
81
36
135
7
68
9
32
14
60
14
113
2
307
33
49
86
1
1922
616
103
3
7
6217
1
10
2
2
4
3912
588
7096
2609
1
102
64
581
457
126
2
124
1040
1
39
18
3
112
11
1222
3281
1397
579
1
3133
10016
9
722
203
493
5437
1527
413
163
8
1125
23
1
1
1
6
3715
1
3472
9
8659
2
11217
1699
5571
1658
2
2
174
6
95
714
878
41
11
52
268
304
784
11
95
85
1295
344
1199
21
410
38
172
1
1489
49
1
669
419
107
840
255
100
8
3396
7
1
4
3
914
331
3
384
60
1543
12
17
25
17
167
8
65
1850
347
921
3
209
101
122
216
727
242
48
11
1
20
61
909
1
2
2531
114
508
115
202
177
463
230
994
7
67
549
99
3
1
1738
1582
212
352
275
2
403
1377
357
716
245
327
34
222
323
6607
2086
557
22
4443
1310
25370
8003
442
2569
287
1054
2
3
1
3
0
1
3
1
1
1
1
2
1
2
11
1
5
1
1
5
1
1
44
6
1407
1797
2595
770
621
781
2211
874
2648
14
37
6
1763
2669
10427
12338
20006
3077
8899
39
9716
2
8
1
8077
7
2
1
206
155
1
2
2872
244
5106
446
38
125
47
340
494
1
45
190
74
1
66
1
995
3
24
149
89
5
249
161
2359
38
1
7
16
1024
1143
1348
119
1740
151
1
1
1
69
1272
215
11
16
428
123
4
28
267
7495
12
1
573
4
64
15302
91
3
2
76
399
649
622
167
10
1
1
149
2
4
1
7
1
2
3
1
41
170
2
5
350
810
423
371
95
212
473
205
40
6
3
1536
3
124
1
9
3
26
12
78
994
12
129
442
2277
7
1
117
1130
2
380
38
1
1
14
30
2
5
40
32
1
1
7
3
2
10
560
1
2
3
81
6
1
762
3
958
937
277
2618
1835
3597
1
1
47
2525
0
1
2402
6
19
35
12
2
14
17
10
1
39
31
10
1
888
3
133
3
11
12
3
1
4377
418
274
539
942
82
58
3
11
72
9
185
183
3
87
1
25
221
138
2
1
4
177
5
19
7
401
130
7
6
5
1
7
38
1
10
2180
19
3
2
5
21
10
1359
155
80
644
240
148
174
231
54
75
22
96
1
1
3
57
443
12
2
26
42
37
52
516
2
28
101
1000
50
259
595
1
211
23
531
542
411
1565
1
4907
996
912
549
1
13
2
112
59
22
226
166
24
7666
1537
25
3
244
1047
7
131
15
327
1
147
1331
2
784
7855
97
9
5
2409
552
783
7863
2
3
2313
1
3544
2390
26
1
851
205
0
9
44
145
13537
13
5705
16
4
7
2900
489
4462
1
8274
2
1
4059
8510
3
10707
5089
1171
2
1844
399
2244
1
5
245
277
619
35653
57
3
12
17
1
9396
154
594
2
1
1
340
4
12
79
105
4
2
526
2190
1409
2959
1586
17754
14
1
1488
77
1
1449
1
8596
3
4
1
1
5
1
3
5
5
4
21
22
13
17
80
11
5
9
7
471
189
5
83
318
579
510
40
1
1
322
20
2
7
302
24
13
2
3
145
34
3
1
21
338
5
1431
6
3
622
223
193
260
1183
7
62
1208
125
1
136
259
386
5
22
775
45
54
45
454
149
1399
1
1501
1142
102
2048
1945
2
36
1
411
187
62
0
99
2
936
151
2
689
4
15
106
4623
10
29
254
36
87
4
1626
151
168
185
500
367
924
38
1
91
3
40
13
726
236
3
1174
2
249
4
12683
4
1
159
2922
22
113
26
2150
9
537
3
68
4
8
67
96
755
3761
183
224
3
522
1041
146
9
343
578
1967
2
580
0
275
310
2
908
302
46
1
21
1
813
404
562
100
26
576
226
241
91
53
354
318
844
32
12
16
282
331
9644
1
2
215
1
1
4
5687
753
8
1
9
1
309
1355
20
28
73
221
2359
1779
35
19
15
2
3
1
1
2
3
5
33
718
1175
3
4774
1
1
1
1126
46
580
131
1
55
5298
27
348
230
66
2516
1737
259
306
200
356
422
2889
114
2
52
28
2
44
36
313
15
2856
18
2
2693
10
3136
321
394
1
53
176
2823
1
3
24
2
1349
234
75
79
5758
195
5
424
1211
12
3
9
4
6
37
81
165
821
119
1
99
811
124
136
38
1
1
1
1
1
15
1000
25
578
9
4
227
84
280
1
1
7
4
5
33
3
1
10
4
18
616
1
263
802
1
213
48
460
79
3
63
260
4
2177
144
50
225
123
398
524
210
2050
529
11
989
4452
118
29
1231
97
9152
1
681
1344
126
222
428
328
470
49
2517
1
442
1278
44
3
38
90
41
68
1704
1
164
142
17296
2687
2
121
68
89
316
64
753
980
123
2815
12
124
333
12
174
25
213
210
3015
1
3
7854
20
349
777
1
2
10
7
35
1
8
3
45
23
1
172
6
1
2
3
1
496
558
112
1
732
4
42
8
346
9821
3
32
382
22
61
581
64
212
777
49
65
19
14
136
152
351
135
876
114
14
34
389
1
1
8
378
667
667
20
4
8
1
120
6987
1
1
1
733
193
34
184
134
63
456
13
877
913
270
109
238
710
919
363
41
1
52
1
35
0
70
1
1
1
19
35
15
524
1
6
150
2
2987
41
5
43
9
102
2
1
1
678
642
27
266
7265
1
716
23
24
104
233
1
9
4138
709
3
1511
111
6
203
88
1780
54
2
2
3246
2905
1
44
53
2
1
46
125
63
144
3493
18
12
3
144
351
1
328
10
45
94
3
395
45
24
54
269
155
29
691
0
53
67
1
16
331
1
27
5
253
189
359
209
112
1
6
9
39
2
960
8
1
681
3843
44
22
97
647
5
13
9
166
1069
225
425
557
35
1
5
224
5
81
1
5
103
126
3
189
11
1
195
84
8236
0
23
1
122
503
3
2
110
412
172
12
289
388
1
2338
1
39
7
4
298
174
72
1905
3
4
139
950
1687
157
428
1
8
2
14
266
165
2
108
2
126
553
1
1
25
119
1
948
3607
6
243
423
132
541
1
1
4
1
178
122
231
653
6
1
252
493
23
16
83
270
12
30
4
22
2
7
922
11
28
1109
69
1583
26
9477
366
301
242
2507
200
2
194
4359
3
6
262
4
4
5
122
2
1
71
1
1
2618
1
1322
2146
2599
3
1105
887
1427
1
59
19
3
1
235
6
134
12
56
126
5
9
39
41
157
11
1413
852
339
1998
2297
508
890
263
796
123
11
246
1784
844
366
2611
590
933
16
8639
1
1
2
3
61
187
38
315
1
1552
27
19
98
712
66
694
62
298
3729
1
39
85
55
3
388
5
27
29
100
1
346
6
1699
39
1228
16
35
5144
20
68
1
1
30
67
1
262
113
233
1
43
42
1
1
115
303
4
53
496
1183
251
2224
1
14
5561
141
100
919
4307
6
1
41
3
16
932
10
37
91
53
5
4359
18
345
29
63
336
615
4
1165
50
426
1771
269
7
123
5
203
3656
3
5
316
3
34
4
233
595
132
1
168
253
24
39
346
17
198
80
2
1275
15
1585
1438
126
90
56
356
239
117
269
172
416
1
1
6
452
21
57
1
2026
57
83
5158
2
4284
8
56
2
2
3
1
333
1046
155
656
1420
3
4
75
1326
1199
393
83
263
1
26
364
6
42
100
1
310
984
1
715
42
2237
1
11
6
21
296
12
116
293
12
341
17
51
739
1
7
170
7
59
6
182
298
488
324
131
104
134
89
565
1
1
4
58
537
5
488
1
37
7
15
29
3
282
4
3
92
507
6
554
857
6
16
79
2
1
609
6996
1
227
194
2
661
98
65
26
7
13
350
2
232
2
466
22
547
19
2
36
320
103
111
577
555
19
344
46
94
6
13
1647
344
12
2
39
37
99
730
2
887
34
177
129
52
31
33
201
313
773
3
1
69
78
125
39
2
6
1010
210
8
347
95
9
61
2719
252
283
70
990
2
1
40
686
22
1362
5
4938
24
1
21
2
6
2
1
2
64
3
4
19385
1
4
1
4501
8
96
1
2
193
123
287
144
841
6
896
3
196
581
1
91
32
16
889
177
173
1
23
26
1
338
14
24
19
19
91
436
9
12
21
54
1
24
8
6
13
1056
407
586
2
1
41
164
80
152
2
1
2
415
2339
623
2
284
1950
97
1889
1454
3
239
24
1
76
6
2
93
5
296
18
330
207
85
2
54
211
7
9771
1
3
888
18
377
936
43
1
768
7952
745
129
9202
1097
1
9900
1073
230
159
55
1341
1551
450
426
1108
94
83
200
33
2
1
990
183
465
746
10
50
36
29
10
316
63
14
16
73
13
14
1532
235
49
1017
27
2
4516
9
8
296
53
21656
3
22
6
6
12
2541
1
478
1
136
837
2
5
19241
35
101
1
1392
4
37
3
654
20624
137
1
1
8
24
6
3
5531
1550
1826
175
2
26
5
59
1
74
290
991
109
205
1
118
245
48
292
135
105
122
158
666
402
75
26
1461
374
387
126
123
6
114
40
98
73
612
608
814
59
339
210
188
44
106
4
1
1
5
1
36
224
1
3
1
2
1
132
1
3
452
65
1281
109
617
353
432
55
2
5
115
1
75
2790
97
14
979
236
6
7
14
962
2
20
6
449
208
77
882
268
5061
19
0
166
1
522
612
2148
204
128
4
99
1
45
118
91
29
7
10
1
67
17
2
3
1
92
4
126
150
381
1249
1073
710
256
535
20
3209
692
132
165
685
338
3440
686
4091
1
322
825
282
148
86
177
428
1194
39
1
106
272
306
2
848
1
361
2
25
1
157
1
1
1
1
1
23
320
106
332
3
128
10
1
2
13
346
87
1098
40
476
101
85
2
210
4
130
574
1
248
434
311
6
646
102
1
48
165
4
20
7
6
913
11
596
4
5
6
428
276
1
286
4
272
348
52
47
65
1014
40
7
1
1
970
33
33
151
540
120
54
1
2620
871
520
153
25
2
3
52
1
414
202
233
18
7225
88
1
154
643
2
1383
511
6
293
2
109
7
9
64
687
78
561
5754
94
524
19
179
2
3
9
63
6
8
32
254
118
1
49
32
41
1
210
1420
1766
182
166
1978
645
28
3
1
20
520
2
421
49
194
48
13
127
142
13
11
13
1
37
9041
135
3728
15
4
29
138
2
37
1
7659
287
493
25
2
1
2895
1
1012
436
84
348
2
1
630
181
397
320
54
1673
2
28
1048
2
9
226
518
265
385
70
1969
899
9
84
45
13
2
215
6
94
1
89
787
98
42
741
1390
9664
4353
110
10
207
113
204
2671
49
104
550
3179
1385
1616
30
167
2
1519
287
62
105
69
1288
419
124
1
7
453
327
2351
103
488
55
426
14435
10
23
1048
6
9
112
1499
264
406
16879
24
5
709
354
8187
435
32
81
394
247
6
1921
960
112
8
9388
1663
798
892
6
126
911
2601
215
1
3
155
521
1
46
441
1
1
400
2
289
3134
943
4
1
2310
321
563
4767
9719
5
19
149
159
2176
4
365
1876
481
696
2
370
5
1
877
762
3
6
1
0
3747
6
90
468
2231
181
444
355
541
278
548
362
35
106
1
5608
127
212
1105
1325
1253
11
1
331
738
17
42
188
1
267
414
450
514
2052
78
216
2
32
2278
1
5053
123
54
989
144
4931
261
632
3
769
836
98
523
4135
63
794
63
12
18
1
177
3
132
1311
3605
21
1264
15
1140
28
687
541
146
72
738
233
1133
1
2
1
1
641
154
118
1063
246
28
90
61
42
172
1
330
57
77
18
27
73
148
318
3
1
1
12
1
34
400
1
197
324
1
253
2618
2729
2
19
85
3263
4
2
29
5
2
53
244
1864
818
805
405
631
4526
5272
21289
1009
956
1569
1
22283
541
9212
309
149
112
73
3009
340
5510
874
181
512
117
1
510
258
2
2
1612
3086
3711
192
536
2
3
3
2
2982
4537
6460
37
45
40
91
202
63
1
470
210
489
1
462
9
133
454
19
30
1
27
658
529
1728
68
25
385
256
165
49
876
334
220
378
189
294
220
10
3593
2596
367
158
5
136
255
50
307
1
1922
2942
2
1
586
134
4
5629
1536
219
820
717
3368
316
3704
752
1206
122
4
1
403
3
155
360
1538
24
49
5
22
233
448
178
5
1120
125
11
3666
718
715
1
17
4
20
1451
152
1
4
25
1272
407
268
1574
1096
247
56
2
5875
9
7
2
1
2
3
1
1712
21
923
37
640
187
3
2
2
4
1
148
9
523
1
246
138
1
9
116
732
1
18
21
2794
35
43
1
1682
125
831
542
376
16
1
1375
1
1
1
4
0
1
1
190
2
217
14
821
286
137
384
407
72
21
1106
1436
102
7
365
714
1396
223
40
53
1955
100
1
1007
157
233
68
6
118
570
247
515
1183
139
113
117
459
121
483
68
26
44
2860
645
474
1
42
19
2
169
786
256
762
2
1
2
20
2
3
1
6
83
1
1
36
2281
1363
802
42
996
17
663
365
262
3
156
1436
4
4
115
514
549
299
342
76
9
688
168
21
2550
1
50
8
226
1
1472
98
120
142
12
4
1450
40
856
139
4
1114
132
627
65
117
24
28
897
187
1774
75
982
75
402
52
208
249
9265
86
109
640
1
384
56
366
1
281
2
179
73
394
657
69
35
2
123
94
34
1535
1
10
439
397
477
491
753
12
513
105
24
10
1
1
1
184
22
75
14
126
47
344
26
5
1
284
1
3
224
1
19
576
261
23
1215
82
1047
57
1
775
15
1
32
65
20
1
59
186
1086
192
1790
196
120
109
1347
12
14
1
28
33
102
289
60
4
55
597
2
1
4
341
634
2
8
2
2
55
158
44
2
80
1
1281
1824
1
86
287
1724
126
466
299
257
593
400
420
2745
44
1068
3247
3022
7
1
1
565
3631
271
92
301
15
18
230
6
1165
2006
194
208
83081
359
326
135
2
3
1
27
1
2477
1828
82
2
1034
1042
10
780
176
159
283
196
651
510
344
142
100
273
770
826
2066
907
55
31
89
3
46
213
1
217
1
7580
708
219
1695
2
519
31
11944
6
9968
14
1653
1850
6
1242
3
1
8954
1
60
7
26
4
2
3
3
3372
33
364
22
3
1
1
3
7
199
665
56
5
17
191
29
635
16
14
1
30
8
205
27
191
4
1
152
25
246
37
57
38
2
105
33
144
1560
54
59
326
111
1
539
352
6
12
21
1
11
9
33
42
21
253
41
894
26
5
1
2162
2
2
32
32
94
41
35
2
11
22
18
7
1
7405
1195
15094
2949
32
397
660
1608
349
2297
846
390
4
1198
105
2011
233
93
180
227
2279
1300
3222
6745
41
228
13
13
115
87
51
424
94
622
48
15
1
6
126
1
32
81
531
388
306
191
107
81
72
93
5
779
12
27
311
419
32
190
292
5
21
493
1545
3
7747
28
1819
6
62
27
206
189
603
85
10
2
7
33
732
765
47
144
47
32
192
93
913
1
2
13
122
22
130
10
4560
1
33
35
123
30
268
54
131
19
113
94
85
3
36
34
472
2516
51
238
16
26
4
20
2674
55
315
68
42
232
3
100
18
4
5910
116
136
75
1
73
548
91
656
424
106
887
11
398
180
213
257
5
11666
42
140
232
45
2210
227
296
178
418
92
2455
4
25
1
33
6
386
24
85
49
445
180
1807
1125
3
83
258
51
76
11
72
205
5
38
136
91
151
61
9
476
128
13
6
154
53
27
1997
19
97
16
70
3
215
168
19
1626
27
4
1
187
26
10
110
47
55
1
60
704
2
16
109
16
35
1724
81
4
8
55
121
4
95
39
193
205
141
11
117
517
105
231
133
60
384
596
2
144
56
521
19
136
1112
81
116
84
1664
13
8
576
63
3
29
10
116
258
504
361
9
66
1
237
175
94
35
2486
11
1050
38
56
89
165
409
283
2
22
19
2
34
58
229
8
76
362
79
196
13
149
640
4
13
64
73
14
2
28
355
87
13
587
76
3
74
322
28
36
27
39
0
3
8
2
42
30
187
4
168
244
220
624
96
1
155
13
56
12
1
32
136
75
6
10
54
551
10
9
53
4
996
14
21
12
3
11
62
105
1
6
89
992
47
76
28
37
3
2
117
53
103
9
3
80
1
1
2
5
533
69
624
138
111
15
168
1
1
9
1019
274
104
55
34
130
36
16
118
211
9
7
1
6
2
15
462
56
8
5
16
81
19
25
1
97
189
36
83
184
437
1
16
44
406
9
146
43
16
2
12
3
32
50
205
25
20
192
74
6
5
61
58
27
1
1
57
218
141
38
46
776
8
28
5
97
7
38
158
81
197
2
38
68
4
41
998
210
6
59
5
134
28
123
342
796
56
16
20
38
7
127
4855
290
56
820
67
20
1
341
3
47
181
974
6
118
3
346
8
29
64
41
31
7
90
18
33
130
76
137
89
6
74
36
39
54
150
18
41
85
340
64
226
11
31
264
26
109
153
2008
50
229
15
3
4
222
97
532
52
31
517
1
1
6
9
24
66
111
60
8
77
58
459
1
11
131
52
5
104
55
302
177
77
442
77
1
11
45
58
31
70
22
216
7
79
39
12
269
12
73
2
582
67
35
1
547
5
9
115
223
8
744
16
148
54
22
37
44
143
47
10
1
1
139
1643
4
95
124
156
2
1
25
52
11
16
372
1
13
6
1
31
47
111
8
2
176
21
7
167
2
1
1
174
536
548
30
186
37
3923
1
57
694
1797
85
455
10
227
33
10
42
20
4
29
491
57
6597
8
5
330
965
138
861
1
30
5
20
135
9
7
93
74
206
666
58
126
70
7
1
201
31
16
13
43
225
56
1
196
421
125
513
631
9
63
88
229
263
128
404
